2617
-1002
-859
2509
-3546
3712
-2986
1531
293
-2049
3303
-3757
3294
-2030
271
1549
-2999
3713
-3522
2475
-832
-1018
2617
-3580
3673
-2872
1371
462
-2185
3374
-3744
3199
-1879
104
1701
-3089
3724
-3458
2344
-667
-1178
2733
-3624
3634
-2761
1211
629
-2321
3444
-3732
3111
-1733
-68
1850
-3184
3742
-3390
2218
-500
-1340
2857
-3676
3600
-2648
1052
796
-2457
3515
-3721
3018
-1590
-239
2006
-3292
3769
-3336
2084
-331
-1506
2976
-3721
3559
-2538
896
973
-2607
3607
-3730
2944
-1439
-412
2162
-3391
3792
-3270
1954
-164
-1684
3118
-3797
3547
-2438
734
1147
-2750
3682
-3723
2853
-1291
-591
2341
-3524
3846
-3235
1833
11
-1854
3246
-3848
3513
-2323
570
1336
-2928
3803
-3755
2792
-1150
-773
2504
-3630
3869
-3172
1695
187
-2053
3418
-3950
3521
-2236
405
1523
-3083
3889
-3750
2702
-993
-958
2713
-3795
3955
-3152
1579
371
-2239
3558
-4011
3488
-2119
230
1710
-3294
4043
-3811
2646
-846
-1165
2894
-3917
3985
-3085
1436
565
-2427
3770
-4149
3517
-2031
50
1941
-3464
4140
-3813
2552
-677
-1367
3076
-4122
4099
-3080
1308
776
-2675
3924
-4218
3484
-1901
-141
2149
-3636
4333
-3895
2508
-508
-1611
3338
-4259
4137
-3012
1152
987
-2888
4080
-4392
3531
-1812
-347
2423
-3908
4443
-3897
2400
-321
-1833
3546
-4393
4282
-3011
1010
1237
-3184
4353
-4468
3492
-1668
-563
2656
-4104
4552
-4002
2349
-132
-2128
3862
-4659
4323
-2932
833
1472
-3419
4532
-4546
3549
-1559
-810
2983
-4430
4798
-4002
2227
86
-2380
4094
-4813
4359
-2933
660
1770
-3779
4859
-4760
3500
-1392
-1054
3248
-4649
4919
-3992
2160
324
-2727
4472
-5123
4532
-2833
449
2045
-4045
5055
-4838
3447
-1252
-1360
3638
-5036
5205
-4111
2008
574
-3019
4732
-5294
4563
-2728
234
2411
-4469
5438
-5083
3492
-1052
-1644
3938
-5276
5332
-4088
1848
867
-3441
5177
-5652
4752
-2695
-18
2723
-4771
5653
-5162
3413
-839
-2013
4406
-5726
5652
-4204
1730
1162
-3770
5463
-5825
4773
-2553
-283
3161
-5268
6085
-5426
3443
-625
-2348
4749
-5994
5776
-4163
1529
1474
-4273
5975
-6229
4962
-2488
-585
3524
-5605
6315
-5493
3336
-363
-2693
5293
-6499
6125
-4255
1359
1871
-4653
6295
-6407
4958
-2309
-909
3900
-6177
6795
-5763
3326
-83
-3181
5673
-6784
6245
-4183
1107
2239
-5041
6870
-6834
5133
-2182
-1295
4458
-6544
7031
-5811
3168
234
-3585
6061
-7341
6597
-4250
860
2728
-5656
7213
-7009
5102
-1952
-1673
4891
-6912
7545
-6069
3112
596
-4165
6714
-7636
6696
-4125
551
3149
-6096
7548
-7454
5239
-1760
-2154
5541
-7578
7774
-6079
2902
978
-4624
7141
-7923
7041
-4135
230
3744
-6797
8197
-7608
5159
-1467
-2591
6016
-7976
7997
-6306
2768
1437
-5301
7867
-8525
7107
-3958
-154
4226
-7274
8547
-7744
5249
-1183
-3171
6764
-8700
8521
-6267
2491
1886
-5816
8321
-8808
7145
-3892
-584
4911
-8057
9227
-8166
5103
-811
-3684
7284
-9107
8713
-6210
2264
2459
-6585
9113
-9422
7438
-3635
-1040
5462
-8565
9580
-8260
4935
-426
-4379
8112
-9874
9228
-6340
1909
2984
-7151
9578
-9682
7421
-3356
-1578
6257
-9417
10278
-8644
4900
32
-4954
8675
-10282
9387
-6208
1524
3661
-8018
10416
-10284
7648
-3149
-2116
6858
-9941
10597
-8686
4643
513
-5747
9573
-11061
9860
-6259
1135
4266
-8634
10892
-10499
7566
-2780
-2681
7749
-10837
11295
-9001
4511
1060
-6392
10163
-11454
9961
-6052
656
4883
-9569
11746
-11071
7689
-2457
-3382
8409
-11378
11578
-8963
4172
1641
-7051
11114
-12228
10369
-5985
148
5722
-10209
12206
-11238
7525
-1994
-4030
9070
-12295
12228
-9186
3904
2317
-7980
11708
-12583
10396
-5671
-420
6413
-10848
13051
-11729
7554
-1530
-4852
10054
-12826
12460
-9071
3470
2973
-8697
12288
-13317
10709
-5493
-1052
7349
-11851
13474
-11818
7279
-973
-5558
10756
-13321
13046
-9171
3079
3769
-9699
13262
-13608
10638
-5080
-1713
8091
-12500
13866
-12214
7170
-401
-6495
11788
-14219
13195
-8949
2543
4494
-10436
13832
-13873
10831
-4756
-2470
9104
-13515
14641
-12209
6797
264
-7260
12492
-14683
13300
-8925
2010
5388
-11499
14788
-14486
10652
-4235
-3207
9884
-14146
14970
-12146
6541
981
-8258
13544
-15513
13727
-8580
1361
6193
-12248
15308
-14650
10440
-3763
-4088
10941
-15145
15656
-12362
6040
1727
-9077
14231
-15921
13725
-8203
699
7188
-13318
16210
-15151
10408
-3135
-4900
11739
-15726
15894
-12185
5508
2557
-10145
15265
-16663
14012
-7945
-52
8031
-14065
16668
-15220
10063
-2472
-5859
12828
-16668
16454
-12238
5037
3384
-10974
15905
-16957
13897
-7430
-821
9071
-15114
17461
-15567
9880
-1793
-6737
13629
-17197
16574
-11946
4388
4231
-12066
16872
-17588
14013
-7026
-1652
9952
-15825
17833
-15511
9422
-1023
-7605
14688
-18032
16994
-11804
3771
5191
-12910
17466
-17774
13757
-6405
-2521
10822
-16816
18499
-15689
9054
-225
-8658
15445
-18468
17001
-11386
3016
6096
-13723
18327
-18230
13693
-5821
-3455
11894
-17455
18757
-15499
8453
625
-9562
16170
-19165
17223
-11094
2246
7123
-14765
18833
-18297
13319
-5097
-4368
12769
-18045
19256
-15488
7942
1521
-10628
17136
-19486
17089
-10527
1406
8036
-15555
19263
-18575
13057
-4385
-5368
13808
-18883
19373
-15147
7231
2437
-11521
17796
-19743
17116
-10050
560
9101
-16522
19926
-18494
12541
-3565
-6299
14624
-19387
19441
-14940
6558
3405
-12558
18639
-20196
16838
-9376
-365
10013
-17231
20251
-18346
12110
-2729
-7314
15604
-20070
19658
-14457
5747
4351
-13415
19197
-20318
16483
-8734
-1311
11024
-18084
20710
-18327
11454
-1819
-8269
16350
-20439
19558
-13939
4941
5367
-14369
19887
-20560
16232
-7932
-2269
11919
-18689
20906
-18024
10770
-903
-9285
17199
-20935
19565
-13442
4048
6327
-15161
20308
-20527
15735
-7115
-3248
12881
-19384
21158
-17794
10087
65
-10198
17859
-21166
19325
-12779
3137
7313
-16014
20806
-20541
15276
-6290
-4225
13698
-19856
21167
-17349
9275
1024
-11132
18545
-21427
19100
-12125
2199
8265
-16724
21100
-20338
14657
-5385
-5192
14550
-20347
21209
-16899
8471
1991
-12002
19083
-21507
18704
-11363
1233
9170
-17406
21367
-20139
13986
-4469
-6152
15297
-20698
21061
-16303
7589
2986
-12825
19577
-21538
18265
-10542
260
10079
-17982
21500
-19794
13255
-3512
-7098
15976
-20961
20848
-15661
6656
3950
-13604
19961
-21452
17725
-9668
-716
10934
-18493
21526
-19346
12460
-2524
-8002
16584
-21155
20551
-14962
5724
4905
-14344
20268
-21241
17082
-8761
-1678
11722
-18902
21492
-18850
11611
-1552
-8865
17157
-21248
20116
-14141
4747
5812
-14954
20448
-20982
16403
-7832
-2641
12476
-19273
21380
-18197
10683
-597
-9676
17563
-21184
19660
-13333
3789
6695
-15548
20609
-20669
15588
-6844
-3554
13102
-19449
21071
-17570
9782
380
-10449
17978
-21131
19141
-12401
2793
7487
-15978
20548
-20128
14801
-5885
-4456
13735
-19656
20802
-16877
8773
1315
-11075
18164
-20804
18409
-11506
1826
8305
-16425
20530
-19647
14001
-4869
-5289
14156
-19595
20256
-15994
7815
2234
-11745
18413
-20599
17758
-10613
872
8970
-16618
20226
-18905
12987
-3912
-6114
14647
-19622
19832
-15204
6873
3076
-12202
18361
-20043
16854
-9556
-63
9660
-16918
20049
-18307
12104
-2973
-6791
14868
-19319
19071
-14184
5839
3922
-12719
18434
-19654
16107
-8612
-952
10127
-16873
19493
-17378
11030
-2002
-7520
15214
-19198
18503
-13335
4898
4723
-12969
18134
-18903
15060
-7551
-1775
10696
-17009
19167
-16671
10126
-1100
-8173
15191
-18650
17576
-12208
3900
5369
-13352
18064
-18383
14229
-6624
-2607
11193
-16728
18402
-15607
9007
-223
-8613
15364
-18372
16912
-11326
3000
6064
-13651
17526
-17433
13094
-5566
-3304
11374
-16692
17937
-14822
8083
598
-9144
15463
-17609
15824
-10193
2064
6545
-13566
17304
-16812
12238
-4683
-4013
11733
-16580
16989
-13665
7007
1342
-9377
15119
-17192
15077
-9288
1241
7090
-13724
16995
-15728
11055
-3713
-4545
11691
-15988
16403
-12825
6123
2064
-9755
15068
-16717
13898
-8161
455
7390
-13416
16180
-15018
10183
-2895
-5115
11875
-15743
15787
-11626
5104
2650
-9772
14505
-15716
13103
-7297
-284
7792
-13410
15759
-14277
9025
-2034
-5451
11629
-14957
14649
-10774
4283
3242
-9998
14306
-15142
12283
-6228
-935
7861
-12895
14768
-13069
8167
-1297
-5897
11659
-14575
13946
-9940
3368
3658
-9795
13557
-14016
11065
-5408
-1547
8125
-12740
14251
-12287
7342
-588
-6045
11197
-13630
12738
-8752
2635
4119
-9871
13222
-13365
10244
-4632
-2018
8001
-12041
13142
-11053
6266
40
-6335
11093
-13148
12004
-7938
1949
4329
-9481
12317
-12160
9043
-3724
-2501
8109
-11755
12530
-10271
5490
606
-6273
10449
-12074
10762
-6832
1239
4657
-9424
11889
-11460
8258
-3034
-2926
7792
-10898
11358
-9051
4537
1066
-6428
10220
-11519
10017
-6086
660
4911
-8848
10861
-10237
7109
-2272
-3127
7775
-10521
10705
-8287
3857
1518
-6519
9428
-10373
8796
-5077
125
4854
-8661
10354
-9533
6383
-1692
-3419
7694
-9547
9495
-7133
3031
1799
-6196
9091
-9771
8073
-4404
-326
4980
-8423
9253
-8316
5356
-1085
-3440
7128
-9094
8834
-6432
2460
2108
-6166
8712
-8597
6913
-3546
-680
4744
-7650
8698
-7629
4699
-628
-3588
6943
-8600
7645
-5375
1804
2209
-5684
7771
-7975
6234
-2977
-1004
4741
-7325
8125
-6475
3801
-213
-3443
6249
-7538
6995
-4744
1348
2382
-5532
7333
-7355
5174
-2272
-1180
4349
-6457
6994
-5833
3247
126
-3469
5968
-7015
6354
-3826
861
2309
-4929
6338
-6209
4565
-1816
-1375
4236
-6064
6416
-5207
2503
375
-3160
5182
-5936
5252
-3283
521
2369
-4687
5857
-5606
3994
-1278
-1388
3715
-5143
5316
-4198
2050
586
-3083
4832
-5406
4660
-2786
209
2151
-3985
4850
-4534
3114
-939
-1467
3512
-4706
4755
-3646
1648
668
-2653
3991
-4357
3663
-2078
-14
2099
-3678
4358
-3980
2631
-647
-1325
2900
-3770
3721
-2768
1139
765
-2482
3596
-3835
3142
-1681
-186
1751
-2919
3371
-3006
1907
-347
-1301
2631
-3321
3200
-2307
847
816
-1957
2735
-2852
2271
-1139
-268
1613
-2566
2891
-2515
1527
-166
-1233
1955
-2401
2262
-1572
502
691
-1719
2325
-2367
1831
-853
-336
1440
-1783
1961
-1664
959
-24
-918
1637
-1958
1802
-1208
319
646
-1455
1477
-1470
1103
-470
-279
958
-1407
1511
-1250
681
50
-771
1303
-1088
977
-630
127
404
-838
1068
-1039
755
-290
-248
724
-1025
662
-533
273
52
-366
589
-670
587
-362
48
276
-535
662
-249
174
-59
-72
184
-253
258
-203
96
32
-155
237
-264
-110
64
-4
-59
105
-128
118
-81
22
40
-94
124
-125
374
-165
-86
314
-467
505
-422
234
9
-251
431
-508
459
-517
116
311
-666
855
-839
616
-246
-186
572
-819
866
-704
518
77
-654
1072
-1229
1086
-680
107
490
-970
1212
-1161
826
-372
-404
1079
-1495
1544
-1220
595
170
-896
1404
-1571
1354
-810
81
837
-1552
1888
-1765
1212
-366
-571
1367
-1832
1851
-1420
641
339
-1348
2027
-2214
1861
-1056
-7
1066
-1869
2214
-2022
1336
-329
-867
1896
-2465
2433
-1810
744
500
-1623
2351
-2508
2054
-1099
-122
1467
-2445
2823
-2518
1597
-290
-1090
2204
-2781
2680
-1932
709
684
-2107
2945
-3070
2445
-1227
-289
1737
-2763
3112
-2708
1644
-179
-1328
2738
-3363
3169
-2201
703
968
-2408
3256
-3315
2565
-1195
-470
2018
-3324
3656
-3101
1789
-45
-1711
3052
-3650
3359
-2251
596
1204
-2712
3814
-3795
2849
-1212
-719
2475
-3633
3903
-3226
1759
130
-1990
3365
-4180
3755
-2420
489
1553
-3220
4107
-3991
2904
-1112
-953
2784
-3936
4382
-3525
1807
346
-2419
3899
-4435
3889
-2396
320
1828
-3541
4384
-4398
3091
-1038
-1271
3269
-4471
4586
-3586
1712
577
-2728
4213
-4675
4204
-2469
137
2235
-4059
4895
-4544
3080
-876
-1548
3592
-4763
4776
-3801
1668
866
-3195
4742
-5138
4284
-2386
-93
2547
-4384
5152
-4668
3186
-718
-1925
4105
-5281
5172
-3804
1512
1144
-3530
5050
-5346
4336
-2374
-357
2996
-4915
5628
-4981
3113
-495
-2248
4443
-5555
5315
-3789
1386
1505
-4032
5579
-5769
4554
-2226
-637
3344
-5244
5865
-5057
3021
-262
-2688
4978
-6061
5663
-3892
1172
1831
-4389
5879
-5943
4555
-2060
-970
3847
-5790
6319
-5315
3012
19
-3046
5333
-6322
5771
-3817
937
2253
-4935
6411
-6330
4707
-1938
-1302
4221
-6119
6522
-5346
2858
315
-3540
5897
-6814
6074
-3856
699
2628
-5319
6710
-6468
4661
-1713
-1652
4777
-6681
6963
-5549
2781
653
-3941
6265
-7062
6141
-3731
405
3010
-5904
7247
-6831
4743
-1516
-2087
5188
-7020
7143
-5530
2573
1012
-4350
6863
-7552
6403
-3696
91
3533
-6305
7538
-6940
4647
-1232
-2489
5601
-7603
7562
-5681
2414
1432
-4935
7240
-7782
6429
-3507
-260
3966
-6708
8084
-7266
4679
-948
-3006
6228
-7945
7718
-5620
2149
1842
-5388
7612
-8268
6649
-3410
-654
4562
-7358
8365
-7338
4519
-604
-3451
6678
-8271
8123
-5711
1917
2347
-6039
8257
-8473
6624
-3163
-1067
5038
-7783
8634
-7632
4480
-250
-4058
7365
-8885
8245
-5592
1589
2808
-6521
8643
-8669
6796
-2984
-1550
5712
-8480
9187
-7661
4265
165
-4556
7838
-9213
8345
-5628
1267
3397
-7251
9324
-9134
6716
-2671
-2022
6232
-8920
9439
-7659
4148
622
-5237
8588
-9837
8704
-5441
863
3927
-7766
9707
-9290
6620
-2402
-2609
6982
-9665
9990
-7889
3854
1102
-5793
9081
-10160
8758
-5235
449
4620
-8560
10418
-9737
6689
-2015
-3149
7544
-10107
10215
-7831
3540
1656
-6571
9887
-10793
9076
-5146
-34
5201
-9110
10796
-9858
6518
-1601
-3828
8380
-10889
10749
-7995
3291
2210
-7169
10390
-11078
9078
-4854
-537
5981
-9965
11513
-10264
6514
-1182
-4442
8986
-11338
10928
-7876
2893
2789
-8035
11235
-11712
9331
-4678
-1100
6626
-10538
11875
-10329
6274
-682
-5064
9884
-12135
11436
-7943
2537
3493
-8688
11753
-11962
9258
-4310
-1697
7283
-11444
12589
-10677
6161
-153
-5892
10510
-12568
11569
-7749
2052
4148
-9339
12620
-12553
9429
-4008
-2379
8190
-12019
12916
-10673
5820
430
-6584
11134
-13361
12007
-7734
1566
4966
-10294
13129
-12756
9285
-3553
-3045
8902
-12580
13598
-10938
5608
1074
-7506
12101
-13761
12068
-7435
993
5675
-10985
13603
-13295
9345
-3138
-3842
9882
-13515
13866
-10841
5176
1744
-8246
12737
-14131
12421
-7294
406
6605
-11990
14461
-13422
9101
-2587
-4571
10613
-14070
14109
-10999
4828
2507
-9245
13722
-14868
12396
-6903
-269
7371
-12686
14909
-13506
9048
-2039
-5465
11659
-14995
14687
-10802
4294
3250
-10024
14343
-15181
12315
-6626
-994
8362
-13718
15710
-13903
8688
-1380
-6273
12403
-15505
14836
-10574
3806
4135
-11071
15322
-15840
12505
-6112
-1748
9183
-14399
16106
-13887
8298
-707
-7268
13462
-16387
15314
-10522
3169
4953
-11867
15896
-16068
12316
-5569
-2584
10247
-15421
16831
-14155
8025
52
-8113
14207
-16838
15373
-10166
2496
5915
-12952
16827
-16613
12355
-5087
-3417
11079
-16059
17119
-14031
7501
828
-9156
15252
-17623
15709
-9972
1809
6797
-13755
17354
-16727
12054
-4429
-4270
12172
-17022
17742
-14137
7087
1666
-10041
15964
-17992
15647
-9506
1031
7671
-14815
18186
-17141
11904
-3804
-5237
13020
-17617
17926
-13877
6459
2541
-10916
16957
-18656
15820
-9131
226
8730
-15576
18623
-17145
11481
-3042
-6148
13838
-18480
18381
-13808
5868
3482
-11994
17598
-18914
15627
-8524
-631
9640
-16305
19322
-17365
11184
-2265
-7183
14885
-18989
18446
-13430
5137
4402
-12875
18193
-19414
15613
-8008
-1534
10714
-17277
19644
-17229
10612
-1419
-8103
15681
-19421
18725
-13163
4419
5411
-13921
19035
-19531
15269
-7291
-2458
11613
-17941
19902
-17255
10130
-566
-9175
16654
-20087
18642
-12643
3593
6349
-14743
19542
-19599
15058
-6612
-3433
12657
-18788
20355
-16973
9450
367
-10094
17368
-20413
18491
-12206
2749
7370
-15728
20226
-19813
14570
-5793
-4386
13520
-19349
20476
-16613
8800
1320
-11110
18222
-20870
18467
-11543
1832
8331
-16477
20595
-19709
14045
-4978
-5408
14475
-20036
20712
-16353
7990
2285
-12009
18827
-21062
18157
-10851
909
9349
-17322
21083
-19705
13537
-4078
-6373
15267
-20453
20672
-15848
7164
3269
-12968
19513
-21300
17911
-10156
-67
10265
-17979
21306
-19455
12863
-3159
-7359
16112
-20934
20666
-15371
6327
4250
-13783
19977
-21298
17454
-9333
-1032
11192
-18647
21543
-19206
12190
-2212
-8311
16814
-21216
20448
-14738
5413
5220
-14619
20441
-21308
16977
-8512
-2001
12057
-19173
21606
-18792
11415
-1240
-9213
17469
-21446
20212
-14039
4485
6174
-15354
20773
-21140
16362
-7618
-2998
12871
-19627
21592
-18312
10568
-262
-10105
18027
-21555
19843
-13289
3520
7115
-16017
20984
-20873
15678
-6664
-3956
13618
-19985
21476
-17746
9678
716
-10948
18514
-21518
19337
-12456
2522
7998
-16578
21145
-20543
14955
-5722
-4904
14337
-20261
21192
-17045
8740
1674
-11697
18859
-21445
18807
-11586
1548
8844
-17119
21200
-20030
14079
-4728
-5788
14889
-20361
20890
-16333
7798
2628
-12423
19189
-21289
18074
-10613
592
9611
-17447
21042
-19530
13243
-3765
-6652
15443
-20473
20530
-15443
6779
3520
-12980
19266
-20875
17405
-9692
-377
10350
-17811
20932
-18963
12246
-2759
-7396
15779
-20295
19878
-14619
5811
4399
-13566
19412
-20545
16668
-8635
-1296
10899
-17879
20476
-18120
11324
-1798
-8175
16165
-20208
19336
-13781
4773
5185
-13881
19211
-19861
15680
-7663
-2192
11514
-18054
20195
-17412
10404
-852
-8757
16222
-19746
18454
-12679
3818
5968
-14300
19155
-19362
14842
-6711
-2989
11854
-17839
19471
-16375
9283
60
-9385
16435
-19479
17784
-11760
2887
6561
-14368
18666
-18429
13705
-5643
-3791
12290
-17814
18990
-15565
8321
919
-9728
16205
-18724
16691
-10595
1922
7222
-14614
18438
-17773
12808
-4706
-4537
12372
-17302
18034
-14370
7203
1693
-10205
16226
-18287
15904
-9662
1048
7797
-14386
17660
-16645
11560
-3694
-5085
12643
-17107
17407
-13475
6272
2468
-10600
15709
-17283
14656
-8459
209
8087
-14430
17252
-15883
10636
-2818
-5696
12819
-16308
16220
-12185
5178
3073
-10584
15530
-16691
13790
-7522
-557
8507
-14389
16216
-14574
9386
-1901
-6028
12492
-15936
15481
-11271
4311
3695
-10806
15268
-15467
12439
-6380
-1222
8536
-13765
15650
-13727
8455
-1130
-6455
12493
-15473
14134
-9936
3336
4084
-10508
14368
-14743
11525
-5504
-1856
8766
-13543
15023
-12313
7229
-404
-6548
11884
-14334
13303
-9022
2564
4530
-10521
13945
-13986
10134
-4450
-2311
8518
-12645
13699
-11423
6360
247
-6793
11688
-13738
12444
-7727
1740
4665
-9955
12803
-12541
9222
-3667
-2776
8557
-12247
12961
-10516
5223
783
-6594
10815
-12387
10960
-6851
1087
4945
-9780
12223
-11698
8336
-2761
-2999
8027
-11112
11486
-9070
4431
1267
-6660
10441
-11681
10070
-6018
469
4826
-8941
10882
-10171
6987
-2105
-3290
7880
-10557
10670
-8180
3698
1563
-6201
9330
-10185
8565
-4856
-32
4908
-8597
10188
-9303
6151
-1511
-3243
7099
-9224
9105
-6773
2787
1872
-6073
8801
-9384
7690
-4112
-455
4514
-7522
8690
-7748
4917
-893
-3353
6782
-8559
8248
-5945
2183
2105
-5358
7491
-7809
6221
-3120
-734
4418
-7027
7918
-6887
4183
-455
-3377
5762
-7074
6666
-4631
1479
2036
-5065
6851
-6973
5397
-2513
-989
4245
-5759
6335
-5373
3100
-77
-2965
5289
-6325
5822
-3900
1032
2087
-4700
5395
-5367
4031
-1714
-1017
3501
-5139
5522
-4563
2488
184
-2815
4760
-4754
4272
-2752
557
1767
-3663
4671
-4539
3303
-1265
-1084
3167
-4476
3915
-3150
1614
309
-2161
3484
-3962
3474
-2141
286
1634
-3163
3916
-2975
2091
-703
-860
2211
-3025
3102
-2426
1158
390
-1846
2850
-3162
2027
-1191
66
1078
-1958
2360
-2191
1485
-423
-747
1732
-2297
2303
-1168
512
266
-982
1456
-1579
1316
-733
-29
782
-1347
1582
-1434
474
-107
-287
611
-787
770
-567
225
170
-526
752
-797
645
-13
-2
16
-27
30
-28
16
-3
-13
24
-31
28
-21
-174
-189
503
-697
720
-569
277
79
-418
654
-733
631
-378
63
653
-1212
1474
-1378
946
-286
-446
1067
-1431
1445
-1109
501
340
-1350
2030
-2217
1863
-1057
-7
1068
-1871
2216
-2025
1338
-329
-1010
2210
-2873
2835
-2110
868
583
-1892
2741
-2923
2395
-1281
-142
1897
-3161
3651
-3256
2066
-375
-1409
2850
-3597
3466
-2499
917
884
-2939
4108
-4283
3412
-1711
-403
2423
-3854
4342
-3777
2294
-250
-1852
4047
-4970
4683
-3253
1039
1430
-3558
4813
-4899
3791
-1765
-695
2982
-5138
5652
-4794
2766
-69
-2646
4719
-5643
5194
-3479
921
1862
-4193
6111
-6080
4566
-1941
-1152
3966
-5821
6255
-5169
2818
208
-3189
5392
-6891
6192
-3989
807
2561
-5309
6770
-6579
4788
-1833
-1571
4591
-6488
7390
-5944
3048
583
-4079
6576
-7479
6558
-4040
539
3084
-5970
7392
-7548
5305
-1782
-2182
5611
-7673
7872
-6155
2938
990
-4682
7231
-8023
7314
-4295
239
3889
-7061
8515
-7904
5359
-1524
-2692
6249
-8285
8308
-6677
2931
1521
-5612
8329
-9025
7524
-4190
-163
4474
-7701
9049
-8199
5631
-1269
-3401
7256
-9333
9141
-6723
2672
2023
-6239
8927
-9448
7664
-4209
-632
5311
-8713
9978
-8831
5518
-877
-3984
7878
-9848
9423
-6716
2457
2669
-7147
9892
-10227
8073
-3946
-1129
5928
-9296
10398
-8966
5357
-463
-4752
8802
-10715
10014
-6880
2072
3238
-7760
10394
-10507
8053
-3642
-1706
6764
-10180
11111
-9345
5297
34
-5356
9378
-11116
10148
-6711
1647
3930
-8607
11182
-11040
8210
-3381
-2271
7362
-10672
11376
-9324
4984
550
-6109
10177
-11759
10481
-6654
1207
4535
-9178
11579
-11161
8043
-2955
-2850
8136
-11378
11859
-9450
4737
1113
-6712
10671
-12026
10459
-6354
689
5127
-9899
12152
-11454
7954
-2542
-3499
8700
-11771
11978
-9272
4316
1698
-7294
11305
-12438
10547
-6088
150
5820
-10384
12415
-11430
7654
-2028
-4099
9225
-12271
12204
-9168
3896
2312
-7964
11685
-12559
10376
-5660
-419
6401
-10827
12757
-11466
7384
-1496
-4743
9828
-12538
12179
-8867
3392
2907
-8501
12012
-12728
10236
-5250
-1006
7024
-11326
12878
-11295
6957
-930
-5312
10280
-12732
12171
-8557
2872
3517
-9049
12373
-12696
9925
-4739
-1598
7549
-11662
12936
-11106
6520
-364
-5906
10719
-12930
11999
-8138
2312
4086
-9490
12578
-12615
9586
-4209
-2186
8057
-11961
12959
-10806
6016
233
-6426
11056
-12995
11771
-7677
1729
4635
-9892
12721
-12461
9163
-3643
-2759
8503
-12169
12878
-10449
5462
819
-6896
11309
-12953
11461
-7164
1137
5171
-10227
12782
-12232
8717
-3046
-3309
8856
-12259
12672
-10006
4889
1398
-7348
11519
-12887
11109
-6640
547
5634
-10438
12704
-11874
8157
-2457
-3841
9200
-12325
12457
-9550
4317
1938
-7689
11569
-12629
10619
-6021
-40
6086
-10660
12632
-11535
7626
-1873
-4289
9390
-12201
12044
-8958
3687
2477
-8033
11642
-12413
10172
-5439
-601
6406
-10673
12330
-10993
6977
-1266
-4757
9624
-12144
11704
-8436
3098
2987
-8210
11479
-11967
9534
-4780
-1124
6771
-10768
12134
-10554
6410
-697
-5174
9617
-11807
11127
-7729
2469
3399
-8453
11436
-11638
9008
-4194
-1651
7086
-10583
11642
-9874
5698
-142
-5449
9720
-11623
10699
-7166
1898
3836
-8636
11071
-11012
8271
-3516
-2087
7185
-10544
11330
-9363
5106
377
-5776
9767
-11098
9973
-6424
1300
4125
-8550
10905
-10595
7712
-2951
-2529
7394
-10449
10673
-8585
4402
843
-5891
9498
-10801
9472
-5835
779
4454
-8622
10677
-9841
6917
-2323
-2844
7315
-10004
10263
-8025
3831
1291
-6104
9427
-10459
8652
-5081
283
4601
-8352
10073
-9350
6340
-1802
-3185
7393
-9801
9828
-7195
3158
1640
-6048
8976
-9726
8108
-4516
-176
4822
-8298
9752
-8835
5545
-1250
-3349
7145
-9190
9001
-6620
2631
1992
-6143
8790
-9304
7547
-3796
-570
4790
-7858
8999
-7964
4977
-791
-3593
7104
-8882
8498
-6057
2032
2208
-5912
8182
-8459
6678
-3264
-934
4904
-7690
8601
-7416
4431
-351
-3608
6683
-8136
7603
-5224
1573
2459
-5892
7892
-7978
6115
-2765
-1189
4715
-7097
7745
-6514
3693
24
-3734
6538
-7749
7074
-4679
1148
2514
-5507
7153
-7063
5252
-2163
-1453
4710
-6827
7277
-5965
3189
352
-3583
5968
-6896
6147
-3902
707
2659
-5382
6790
-6546
4716
-1733
-1671
4365
-6106
6363
-5071
2541
597
-3602
5726
-6454
5612
-3410
370
2751
-4848
5951
-5610
3895
-1245
-1714
4260
-5765
5866
-4541
2113
831
-3573
5035
-5541
4698
-2712
67
2592
-4626
5530
-5092
3409
-904
-1826
4109
-4950
4922
-3698
1571
932
-3213
4713
-5066
4185
-2283
-169
2582
-4367
4632
-4164
2681
-544
-1723
3569
-4553
4423
-3220
1231
1055
-3088
4362
-4132
3322
-1704
-327
2279
-3677
4180
-3667
2258
-302
-1725
3336
-4133
3498
-2460
825
1010
-2601
3556
-3649
2852
-1363
-460
2169
-3352
3718
-2793
1639
-92
-1486
2695
-3252
3017
-2047
581
1027
-2387
3163
-3173
2075
-912
-474
1744
-2590
2805
-2340
1302
50
-1392
2394
-2814
2548
-1401
315
845
-1805
2320
-2274
1671
-665
-504
1551
-2221
2349
-1907
814
122
-1028
1686
-1932
1708
-1069
169
770
-1525
1905
-1824
1299
-355
-385
1030
-1426
1474
-1164
568
162
-855
1339
-1499
1292
-773
46
473
-877
1066
-998
685
-207
-323
772
-1036
1046
-802
362
100
-400
601
-657
552
-314
-3
316
-555
656
-600
396
-98
-87
190
-248
243
-182
74
50
-163
235
-252
206
-111
-13
-73
121
-141
125
-80
14
54
-110
138
-134
95
-36
-35
353
-494
514
-410
205
48
-292
463
-522
453
-276
29
222
-719
881
-832
577
-185
-254
631
-855
869
-673
313
123
-530
1127
-1241
1052
-608
15
580
-1036
1238
-1141
763
-203
-409
920
-1537
1527
-1148
487
289
-997
1462
-1573
1299
-709
-53
801
-1356
1901
-1709
1100
-223
-707
1464
-1869
1815
-1322
505
433
-1267
1790
-2182
1754
-900
-173
1204
-1942
2207
-1937
1192
-160
-911
1762
-2183
2343
-1648
553
677
-1742
2381
-2444
1910
-913
-308
1453
-2245
2490
-2359
1384
-78
-1255
2276
-2747
2548
-1729
491
867
-2016
2671
-2680
2216
-973
-506
1862
-2765
2995
-2498
1390
54
-1486
2556
-3005
2721
-1911
430
1153
-2462
3166
-3102
2280
-907
-687
2116
-3029
3205
-2601
1450
217
-1832
3003
-3441
3044
-1903
302
1373
-2717
3395
-3249
2315
-858
-931
2492
-3450
3565
-2816
1375
393
-2068
3241
-3627
3126
-1869
162
1668
-3092
3763
-3518
2416
-728
-1138
2725
-3651
3690
-2829
1278
601
-2385
3588
-3917
3293
-1868
-13
1887
-3306
3917
-3578
2365
-581
-1386
3034
-3943
3892
-2895
1191
800
-2596
3762
-4011
3287
-1758
-195
2147
-3578
4133
-3685
2338
-425
-1595
3225
-4071
3923
-2828
1038
1001
-2843
3975
-4144
3301
-1656
-390
2344
-3729
4201
-3655
2220
-242
-1792
3427
-4208
3965
-2755
879
1211
-3013
4075
-4148
3210
-1495
-589
2525
-3868
4254
-3609
2082
-52
-1992
3552
-4248
3909
-2619
693
1401
-3156
4133
-4112
3088
-1313
-780
2682
-3937
4230
-3496
1906
141
-2157
3646
-4218
3790
-2442
494
1567
-3250
4145
-4027
2931
-1122
-962
2810
-3972
4114
-3310
1697
325
-2271
3661
-4164
3651
-2250
300
1717
-3324
4115
-3833
2693
-905
-1108
2848
-3896
3996
-3125
1491
502
-2377
3671
-4074
3389
-1991
111
1802
-3272
3946
-3663
2483
-706
-1248
2896
-3840
3850
-2823
1239
643
-2373
3521
-3816
3181
-1772
-69
1891
-3256
3825
-3466
2166
-489
-1309
2792
-3591
3517
-2587
1028
778
-2401
3434
-3636
2949
-1469
-221
1853
-3040
3481
-3081
1925
-306
-1390
2748
-3436
3287
-2343
772
839
-2248
3110
-3216
2539
-1241
-355
1864
-2924
3270
-2820
1684
-130
-1337
2475
-3014
2816
-1935
582
910
-2183
2923
-2955
2264
-1025
-425
1682
-2533
2763
-2325
1317
8
-1333
2333
-2765
2524
-1670
409
852
-1866
2423
-2394
1779
-733
-493
1595
-2314
2466
-2022
1080
119
-1131
1883
-2176
1939
-1232
223
839
-1699
2142
-2066
1488
-547
-528
1247
-1745
1818
-1450
726
170
-1030
1636
-1845
1604
-975
105
786
-1203
1476
-1392
966
-309
-426
1057
-1431
1455
-1127
524
206
-887
1009
-1111
942
-544
13
519
-928
1109
-1021
683
-182
-367
824
-696
691
-520
220
131
-452
661
-712
587
-321
-24
362
-614
297
-268
172
-35
-111
229
-293
283
-207
79
67
-199
280
137
-111
56
10
-77
122
-140
122
-76
10
57
-112
137
-560
393
-133
-162
415
-569
583
-457
217
73
-348
536
-595
913
-537
29
485
-882
1063
-987
669
-191
-337
780
-1035
1037
-1148
503
261
-965
1432
-1552
1293
-721
-28
769
-1325
1556
-1410
1218
-275
-736
1570
-2020
1977
-1455
578
437
-1350
1931
-2045
1658
-1090
-164
1374
-2255
2582
-2286
1428
-227
-1031
2038
-2549
2438
-1738
736
800
-2142
2964
-3065
2419
-1183
-339
1776
-2786
3116
-2687
1605
-157
-1614
2988
-3638
3399
-2336
703
1099
-2634
3528
-3567
2733
-1237
-646
2560
-3853
4205
-3537
2005
13
-2027
3549
-4207
3841
-2540
623
1639
-3590
4663
-4605
3424
-1410
-947
3070
-4451
4744
-3889
2079
229
-2783
4634
-5355
4773
-3031
549
2065
-4180
5273
-5083
3663
-1346
-1298
4017
-5618
5855
-4666
2338
549
-3314
5268
-5938
5164
-3138
340
2531
-5269
6468
-6097
4233
-1353
-1863
4630
-6266
6375
-4936
2297
904
-3883
6456
-7104
6023
-3477
86
3324
-5931
7091
-6529
4371
-1159
-2341
5269
-7492
7451
-5598
2379
1411
-4862
7134
-7668
6335
-3456
-256
3908
-6610
8300
-7460
4804
-973
-3086
6394
-8157
7924
-5769
2207
1891
-5531
7815
-8801
7078
-3630
-696
4857
-7832
8905
-7811
4811
-643
-3673
7108
-8804
8926
-6275
2106
2579
-6636
9074
-9311
7279
-3476
-1172
5536
-8553
9487
-8623
5062
-283
-4586
8322
-10039
9316
-6319
1795
3172
-7368
9766
-9795
7867
-3455
-1794
6613
-9817
10635
-8869
4937
191
-5274
9074
-10666
9661
-6653
1498
4016
-8571
11023
-10798
7940
-3157
-2390
7368
-10545
11159
-9054
4992
748
-6302
10336
-11839
10475
-6548
1039
4726
-9347
11683
-11180
7967
-2934
-3188
8531
-11809
12207
-9639
4709
1346
-7078
11096
-12414
10701
-6396
555
5716
-10591
12890
-12048
8276
-2493
-3897
9334
-12505
12639
-9689
4380
2070
-8213
12358
-13491
11344
-6432
-43
6501
-11387
13494
-12322
8147
-2001
-4823
10558
-13719
13543
-10073
4146
2785
-9033
13091
-13957
11438
-6116
-676
7581
-12630
14592
-13009
8256
-1499
-5630
11389
-14371
13850
-9982
3666
3535
-10225
14297
-14904
11874
-5954
-1400
8433
-13411
15112
-13144
7984
-867
-6445
12608
-15479
14588
-10133
3237
4456
-11082
14993
-15258
11810
-5498
-2164
9290
-14609
16071
-13630
7866
-195
-7522
13417
-16044
14769
-9891
2620
5295
-11922
16099
-16014
12028
-5113
-3035
10448
-15333
16477
-13615
7425
549
-8399
14204
-17010
15286
-9846
1993
6322
-13105
16715
-16240
11821
-4523
-3876
11333
-16016
17256
-13879
7117
1363
-9525
15356
-17462
15314
-9434
1260
7201
-13940
17262
-16797
11807
-3965
-4854
12486
-17075
17519
-13697
6539
2204
-10418
16092
-17853
15610
-9166
511
8300
-15068
18172
-16867
11437
-3251
-5745
13337
-17681
17731
-13736
6030
3130
-11545
17136
-18567
15481
-8620
-336
9206
-15842
18618
-16867
11220
-2528
-6776
14457
-18594
18212
-13394
5324
4031
-12429
17785
-18823
15271
-8152
-1223
10288
-16877
19328
-17104
10689
-1698
-7717
15259
-19075
18252
-13009
4644
5044
-13505
18691
-19324
15256
-7455
-2132
11202
-17565
19649
-16941
10123
-855
-8786
16275
-19811
18515
-12721
3831
5987
-14347
19217
-19425
14890
-6733
-3094
12270
-18466
20155
-16951
9609
62
-9715
17013
-20163
18409
-12174
2989
7013
-15356
19950
-19697
14648
-6031
-4051
13135
-19039
20297
-16636
8893
982
-10744
17898
-20679
18434
-11702
2122
7977
-16141
20364
-19629
14145
-5197
-5011
14133
-19765
20601
-16415
8229
1934
-11658
18536
-20891
18168
-11038
1198
8907
-17017
20890
-19689
13674
-4369
-6015
14955
-20235
20591
-15939
7419
2919
-12539
19265
-21196
17974
-10374
256
9919
-17696
21158
-19479
13044
-3456
-6985
15722
-20765
20653
-15515
6594
3913
-13477
19775
-21252
17559
-9578
-709
10832
-18321
21472
-19297
12428
-2517
-7982
16542
-21101
20499
-14924
5709
4892
-14308
20217
-21337
17160
-8801
-1686
11775
-18988
21589
-18935
11663
-1559
-8905
17234
-21344
20355
-14309
4804
5881
-15132
20691
-21231
16598
-7925
-2672
12624
-19502
21634
-18554
10893
-608
-9866
17907
-21600
20046
-13595
3863
6827
-15853
21013
-21074
16020
-7034
-3652
13465
-19989
21656
-18057
10054
390
-10738
18477
-21717
19672
-12852
2895
7760
-16559
21295
-20860
15340
-6099
-4618
14234
-20371
21558
-17491
9172
1375
-11579
18991
-21752
19247
-12030
1909
8683
-17173
21465
-20541
14638
-5138
-5581
14939
-20679
21377
-16878
8247
2358
-12394
19431
-21738
18740
-11200
929
9560
-17711
21557
-20148
13841
-4169
-6516
15611
-20913
21137
-16204
7325
3313
-13142
19775
-21586
18152
-10292
-68
10403
-18220
21592
-19716
13036
-3202
-7396
16192
-21038
20769
-15447
6359
4271
-13852
20076
-21404
17541
-9379
-1037
11160
-18594
21482
-19151
12155
-2206
-8287
16767
-21156
20390
-14696
5398
5205
-14473
20237
-21096
16808
-8427
-1981
11937
-18982
21390
-18605
11301
-1227
-9122
17183
-21096
19882
-13809
4411
6073
-15103
20433
-20794
16095
-7493
-2949
12661
-19196
21118
-17910
10336
-256
-9884
17631
-21082
19407
-12998
3442
6959
-15666
20424
-20316
15260
-6487
-3850
13255
-19451
20903
-17272
9420
697
-10656
18020
-20860
18746
-12075
2445
7753
-16071
20499
-19916
14498
-5547
-4754
13899
-19641
20483
-16475
8448
1618
-11305
18228
-20727
18178
-11198
1496
8548
-16546
20490
-19321
13581
-4561
-5584
14362
-19641
20151
-15756
7522
2535
-11984
18511
-20536
17420
-10229
570
9263
-16815
20280
-18823
12764
-3628
-6411
14884
-19732
19787
-14889
6536
3393
-12515
18575
-20126
16780
-9344
-364
9979
-17172
20181
-18283
11826
-2665
-7142
15238
-19599
19196
-14118
5612
4249
-13101
18747
-19841
16096
-8364
-1255
10557
-17318
19833
-17551
10969
-1742
-7919
15658
-19573
18729
-13348
4644
5044
-13505
18692
-19324
15256
-7456
-2132
11203
-17566
19649
-16941
10123
-834
-8572
15879
-19329
18064
-12411
3737
5842
-13997
18749
-18952
14527
-6569
-2949
11693
-17597
19206
-16153
9157
59
-9258
16211
-19214
17542
-11600
2848
6534
-14308
18588
-18352
13648
-5619
-3775
12238
-17746
18911
-15500
8286
915
-9798
16322
-18859
16811
-10672
1936
7274
-14720
18571
-17901
12900
-4740
-4570
12630
-17662
18409
-14669
7353
1728
-10418
16564
-18668
16235
-9863
1070
7959
-14917
18311
-17259
11986
-3830
-5273
13109
-17738
18049
-13972
6503
2559
-10991
16583
-18245
15472
-8930
221
8538
-15233
18212
-16761
11228
-2975
-6013
13533
-17571
17476
-13128
5579
3311
-11404
16733
-17983
14852
-8105
-600
9166
-15503
17879
-16069
10349
-2096
-6647
13774
-17571
17069
-12421
4754
4074
-11914
16835
-17503
14076
-7219
-1383
9659
-15576
17710
-15533
9555
-1279
-7305
14137
-17509
16466
-11576
3886
4758
-12242
16739
-17176
13427
-6406
-2162
10213
-15777
17502
-14818
8699
-486
-7879
14301
-17250
16009
-10857
3073
5452
-12661
16782
-16831
12643
-5551
-2883
10627
-15776
17091
-14251
7935
320
-8475
14583
-17140
15526
-10034
2260
6058
-12928
16626
-16286
11976
-4762
-3617
11113
-15905
16831
-13656
7091
1063
-8952
14683
-16817
14880
-9301
1476
6719
-13277
16595
-15881
11317
-3938
-4277
11448
-15847
16382
-12935
6320
1807
-9504
14891
-16659
14361
-8583
706
7268
-13466
16390
-15319
10524
-3170
-4955
11875
-15901
16071
-12320
5569
2501
-9923
14931
-16299
13706
-7771
-51
7855
-13758
16304
-14887
9843
-2418
-5551
12152
-15790
15588
-11594
4772
3206
-10397
15073
-16065
13165
-7039
-778
8333
-13884
16040
-14300
9076
-1647
-6188
12519
-15797
15225
-10973
4030
3886
-10760
15045
-15683
12495
-6265
-1473
8874
-14112
15902
-13832
8401
-913
-6781
12729
-15627
14728
-10230
3268
4499
-11188
15136
-15404
11923
-5551
-2185
9379
-14180
15599
-13230
7635
-189
-7301
13023
-15573
14330
-9601
2543
5140
-11572
15053
-14974
11247
-4781
-2838
9769
-14337
15407
-12726
6943
513
-7854
13281
-15351
13795
-8886
1799
5706
-11827
15085
-14656
10663
-4082
-3498
10228
-14454
15057
-12111
6210
1189
-8311
13399
-15237
13362
-8221
1099
6284
-12163
15062
-14195
9977
-3351
-4102
10552
-14430
14805
-11575
5521
1863
-8804
13599
-15087
12796
-7514
419
6804
-12352
14896
-13826
9375
-2655
-4709
10933
-14494
14534
-10938
4801
2493
-9194
13645
-14785
12327
-6865
-278
7330
-12615
14825
-13431
8691
-1958
-5249
11198
-14403
14107
-10375
4124
3132
-9627
13776
-14581
11828
-6150
-923
7762
-12732
14581
-12904
8064
-1281
-5827
11512
-14391
13770
-9814
3416
3710
-9935
13749
-14215
11222
-5484
-1569
8245
-12921
14454
-12462
7446
-614
-6309
11686
-14225
13294
-9134
2750
4299
-10306
13798
-13948
10691
-4834
-2171
8608
-12954
14139
-11891
6741
44
-6815
11934
-14145
12914
-8540
2096
4810
-10534
13685
-13511
10048
-4137
-2779
9010
-13065
13923
-11411
6100
674
-7212
12013
-13881
12373
-7855
1424
5354
-10834
13669
-13175
9495
-3489
-3364
9288
-12990
13539
-10789
5408
1271
-7662
12182
-13730
11940
-7254
787
5854
-10956
13449
-12676
8803
-2813
-3873
9628
-13028
13257
-10262
4776
1879
-8073
12155
-13373
11340
-6546
162
6258
-11165
13349
-12286
8230
-2181
-4407
9919
-12843
12773
-9596
4078
2420
-8335
12230
-13144
10855
-5924
-439
6699
-11331
13019
-11701
7536
-1527
-4840
10030
-12795
12429
-9045
3461
2966
-8676
12258
-12684
10200
-5232
-1002
7000
-11288
12834
-11257
6924
-927
-5294
10245
-12689
11861
-8339
2799
3427
-8818
12057
-12372
9672
-4614
-1557
7356
-11365
12607
-10596
6221
-348
-5635
10227
-12336
11448
-7764
2198
3898
-9054
12001
-12036
8963
-3936
-2044
7533
-11183
12116
-10103
5625
227
-6008
10337
-12150
11006
-7040
1585
4251
-9071
11665
-11427
8403
-3341
-2538
7797
-11159
11809
-9582
4916
737
-6206
10179
-11658
10316
-6448
1023
4658
-9204
11504
-11010
7845
-2692
-2925
7827
-10835
11200
-8843
4321
1235
-6498
10181
-11390
9818
-5868
475
4891
-9062
11029
-10309
7081
-2133
-3334
7990
-10700
10814
-8291
3748
1653
-6558
9867
-10771
9057
-5136
-34
5191
-9092
10774
-9838
6504
-1598
-3594
7868
-10224
10092
-7507
3090
2075
-6731
9759
-10401
8524
-4558
-504
5272
-8784
10148
-9048
5742
-1042
-3915
7920
-9995
9632
-6943
2550
2459
-6634
9276
-9670
7704
-3863
-908
5471
-8701
9804
-8528
5180
-563
-4181
7624
-9361
8822
-6128
1957
2694
-6702
9066
-9227
7141
-3325
-1309
5618
-8225
9047
-7674
4428
-110
-4235
7554
-9033
8311
-5569
1475
2981
-6712
8424
-8380
6294
-2676
-1588
5467
-8023
8621
-7121
3885
287
-4395
7432
-8255
7418
-4779
967
3068
-6360
8111
-7881
5734
-2195
-1881
5500
-7773
7746
-6231
3194
611
-4276
6893
-7839
6874
-4230
565
3232
-6258
7749
-6952
4886
-1641
-2009
5167
-7067
7250
-5669
2703
912
-4312
6659
-7389
5931
-3483
194
3153
-5726
6905
-6409
4345
-1231
-2183
5067
-6719
6737
-4769
2093
1086
-4008
5948
-6446
5374
-2993
-121
3195
-5500
6463
-5856
3537
-797
-2136
4557
-5862
5741
-4223
1678
1274
-3918
5606
-5934
4814
-2316
-348
2923
-4795
5491
-4860
3037
-483
-2195
4335
-5420
5186
-3696
1178
1279
-3427
4742
-4903
3870
-1892
-541
2843
-4457
4984
-4298
2568
-192
-1967
3643
-4436
4145
-2848
857
1340
-3214
4302
-4349
3333
-1508
-603
2387
-3594
3922
-3299
1869
12
-1891
3310
-3924
3582
-2369
581
1162
-2545
3306
-3265
2427
-1000
-672
2177
-3157
3364
-2758
1474
162
-1475
2457
-2839
2530
-1607
291
1095
-2216
2795
-2695
1941
-714
-688
1542
-2158
2248
-1792
898
211
-1273
2023
-2281
1983
-1205
130
972
-1384
1698
-1601
1111
-356
-489
1215
-1646
1674
-1296
603
237
-1020
1034
-1138
965
-557
13
532
-951
1135
-1046
700
-186
-375
844
-546
542
-408
173
102
-355
519
-559
461
-252
-19
284
-482
-21
18
-12
2
7
-16
20
-20
14
-6
-5
13
-20
598
-482
246
47
-331
532
-606
531
-327
43
249
-484
598
-1120
787
-265
-324
832
-1139
1168
-914
435
146
-695
1072
-1191
1519
-892
49
807
-1467
1768
-1642
1113
-316
-559
1297
-1721
1725
-1741
764
396
-1463
2171
-2353
1961
-1093
-45
1166
-2008
2359
-2138
1738
-392
-1051
2240
-2882
2822
-2076
825
626
-1927
2756
-2918
2366
-1486
-223
1874
-3075
3521
-3117
1947
-310
-1408
2780
-3476
3325
-2370
967
1051
-2815
3895
-4028
3179
-1554
-445
2336
-3661
4095
-3531
2109
-200
-2054
3804
-4631
4327
-2974
895
1399
-3355
4491
-4541
3480
-1574
-799
3168
-4768
5203
-4377
2481
16
-2509
4392
-5206
4753
-3143
771
1976
-4328
5622
-5551
4128
-1700
-1142
3701
-5368
5719
-4688
2506
276
-3273
5452
-6300
5616
-3565
646
2430
-4918
6204
-5980
4309
-1584
-1527
4618
-6458
6731
-5364
2688
632
-3810
6056
-6826
5936
-3607
391
2910
-5924
7272
-6855
4760
-1521
-2094
5206
-7045
7168
-5549
2582
1016
-4365
7104
-7817
6628
-3826
94
3657
-6526
7802
-7181
4810
-1275
-2576
5798
-8073
8029
-6032
2563
1521
-5240
7687
-8262
6823
-3724
-276
4211
-7123
8761
-7875
5071
-1028
-3257
6750
-8611
8364
-6087
2329
1996
-5839
8249
-9104
7321
-3755
-720
5024
-8102
9211
-8079
4970
-666
-3800
7353
-9107
9049
-6362
2135
2615
-6728
9199
-9439
7379
-3521
-1188
5612
-8671
9618
-8569
5030
-281
-4557
8270
-9976
9258
-6279
1777
3153
-7322
9705
-9733
7664
-3365
-1748
6441
-9563
10360
-8639
4809
194
-5137
8839
-10390
9411
-6352
1430
3835
-8184
10525
-10310
7581
-3015
-2290
7035
-10069
10655
-8645
4672
700
-5898
9673
-11080
9803
-6128
972
4427
-8747
10933
-10463
7456
-2691
-2923
7824
-10830
11195
-8840
4319
1235
-6495
10176
-11385
9815
-5866
499
5136
-9517
11583
-10826
7437
-2241
-3502
8392
-11237
11357
-8707
3936
1822
-7230
10879
-11875
9986
-5662
-38
5723
-10024
11878
-10847
7171
-1762
-4157
9101
-11826
11674
-8683
3574
2401
-7786
11289
-12031
9860
-5272
-583
6397
-10659
12313
-10978
6967
-1265
-4751
9611
-12127
11688
-8424
3094
2983
-8444
11807
-12308
9806
-4917
-1156
6964
-11075
12479
-10855
6593
-716
-5322
10184
-12503
11783
-8185
2614
3599
-8952
12110
-12324
9539
-4441
-1748
7504
-11536
12690
-10763
6211
-154
-5940
10595
-12669
11658
-7811
2069
4181
-9414
12421
-12356
9280
-3945
-2342
8061
-11830
12712
-10500
5729
424
-6481
10959
-12815
11516
-7418
1502
4763
-9873
12593
-12235
8902
-3408
-2921
8538
-12066
12685
-10203
5232
1002
-7002
11289
-12837
11258
-6927
926
5294
-10248
12690
-12040
8463
-2842
-3480
8950
-12239
12557
-9818
4683
1580
-7468
11535
-12797
10900
-6401
357
5796
-10522
12690
-11778
7987
-2262
-4012
9313
-12347
12381
-9336
4098
2128
-7847
11647
-12620
10521
-5859
-237
6257
-10768
12654
-11464
7414
-1671
-4478
9553
-12288
12035
-8851
3518
2672
-8214
11753
-12440
10091
-5232
-785
6603
-10832
12405
-10978
6860
-1090
-4958
9793
-12243
11715
-8349
2891
3140
-8408
11637
-12031
9498
-4642
-1328
6978
-10936
12233
-10547
6302
-516
-5299
9815
-11948
11166
-7672
2310
3611
-8657
11590
-11715
8980
-4061
-1805
7158
-10772
11757
-9888
5605
36
-5668
9924
-11762
10739
-7102
1743
3950
-8650
11238
-11095
8251
-3397
-2282
7399
-10729
11433
-9371
5009
553
-5834
9717
-11228
10009
-6354
1152
4331
-8764
11056
-10658
7680
-2822
-2721
7381
-10323
10759
-8574
4297
1010
-6089
9681
-10911
9489
-5765
625
4652
-8530
10471
-9870
6854
-2190
-3015
7496
-10144
10321
-7990
3719
1463
-6286
9245
-10172
8625
-4979
123
4759
-8492
10153
-9344
6259
-1659
-3352
7544
-9513
9461
-7108
3020
1792
-6174
9059
-9736
8041
-4388
-325
4962
-8393
9360
-8413
5418
-1098
-3480
7211
-9199
8936
-6503
2489
2133
-6238
8813
-8820
7093
-3638
-697
4867
-7849
8924
-7827
4815
-645
-3681
7124
-8823
7945
-5585
1875
2295
-5907
8076
-8287
6478
-3091
-1043
4927
-7613
8444
-6806
3996
-223
-3619
6569
-7924
7353
-4987
1411
2504
-5816
7708
-7731
5493
-2412
-1253
4617
-6854
7425
-6192
3447
139
-3682
6335
-7446
6745
-4093
921
2471
-5273
6781
-6643
4884
-1942
-1475
4532
-6487
6864
-5570
2691
403
-3399
5573
-6384
5648
-3531
560
2550
-5040
6299
-6029
4296
-1378
-1496
4004
-5543
5729
-4524
2210
632
-3324
5208
-5827
5023
-3002
225
2314
-4288
5218
-4877
3350
-1010
-1578
3780
-5063
5116
-3923
1773
714
-2833
4262
-4654
3913
-2219
-15
2242
-3928
4654
-4251
2810
-691
-1395
3053
-3967
3916
-2913
1198
805
-2612
3786
-4036
3307
-1769
-196
1796
-2994
3458
-3084
1957
-356
-1335
2699
-3407
3282
-2366
869
838
-1924
2690
-2805
2234
-1121
-264
1586
-2524
2843
-2473
1502
-164
-1213
1792
-2201
2074
-1441
460
633
-1576
2131
-2170
1679
-782
-308
1320
-1444
1588
-1347
777
-20
-744
1326
-1586
1459
-978
258
523
-1179
931
-927
695
-296
-176
604
-887
952
-788
429
31
-486
821
-324
290
-187
37
120
-249
317
-309
224
-86
-74
215
-305
-309
248
-128
-25
170
-275
312
-275
168
-23
-129
249
-310
890
-627
210
257
-663
905
-929
726
-347
-117
552
-854
946
-1351
792
-45
-718
1303
-1572
1458
-990
280
496
-1154
1529
-1534
1627
-715
-371
1367
-2031
2199
-1835
1021
41
-1091
1876
-2206
1998
-1673
376
1009
-2155
2771
-2715
1996
-794
-603
1852
-2651
2805
-2277
1453
218
-1835
3009
-3447
3050
-1907
302
1377
-2722
3401
-3256
2319
-959
-1042
2787
-3859
3988
-3150
1538
440
-2314
3625
-4056
3496
-2090
199
2050
-3799
4622
-4321
2968
-895
-1398
3349
-4485
4532
-3475
1571
802
-3182
4787
-5226
4394
-2492
-17
2518
-4411
5227
-4773
3155
-775
-1993
4362
-5669
5595
-4162
1713
1150
-3732
5411
-5767
4726
-2527
-280
3309
-5514
6369
-5679
3604
-654
-2458
4971
-6273
6046
-4358
1600
1543
-4679
6542
-6820
5433
-2725
-641
3859
-6137
6915
-6015
3653
-397
-2949
6009
-7378
6952
-4829
1542
2123
-5282
7145
-7272
5628
-2621
-1032
4427
-7214
7935
-6730
3884
-97
-3714
6625
-7922
7290
-4884
1293
2614
-5887
8198
-8155
6125
-2604
-1546
5320
-7808
8391
-6931
3781
279
-4278
7233
-8900
7997
-5152
1043
3308
-6857
8745
-8497
6182
-2367
-2028
5929
-8380
9244
-7436
3812
730
-5103
8226
-9355
8204
-5048
675
3858
-7468
9247
-9187
6457
-2169
-2655
6828
-9339
9581
-7491
3573
1205
-5698
8801
-9764
8692
-5104
284
4622
-8391
10119
-9393
6369
-1804
-3199
7427
-9846
9873
-7770
3411
1771
-6531
9693
-10503
8757
-4877
-197
5207
-8962
10532
-9541
6433
-1450
-3886
8289
-10662
10443
-7680
3053
2318
-7127
10198
-10794
8756
-4729
-710
5968
-9790
11212
-9922
6201
-985
-4481
8851
-11065
10588
-7546
2720
2955
-7911
10949
-11320
8936
-4367
-1249
6566
-10290
11510
-9924
5930
-505
-5189
9611
-11699
10933
-7512
2262
3536
-8477
11348
-11471
8793
-3976
-1839
7293
-10976
11979
-10075
5711
37
-5775
10111
-11985
10942
-7236
1776
4188
-9172
11916
-11765
8749
-3603
-2420
7845
-11377
12123
-9937
5312
586
-6440
10727
-12395
11048
-7014
1272
4781
-9674
12205
-11765
8478
-3115
-3004
8488
-11870
12372
-9859
4942
1161
-7002
11132
-12547
10911
-6629
719
5349
-10227
12553
-11832
8217
-2626
-3615
8987
-12161
12374
-9579
4458
1754
-7535
11568
-12728
10793
-6230
154
5956
-10626
12705
-11693
7832
-2075
-4194
9440
-12442
12375
-9296
3951
2345
-8075
11848
-12734
10517
-5739
-425
6490
-10978
12820
-11522
7420
-1503
-4766
9876
-12599
12239
-8906
3408
2921
-8543
12070
-12676
10194
-5229
-1002
6995
-11281
12826
-11250
6920
-926
-5291
10239
-12681
12015
-8447
2836
3472
-8933
12214
-12533
9797
-4674
-1578
7452
-11512
12770
-10866
6379
-356
-5778
10487
-12650
11740
-7962
2253
3998
-9284
12306
-12342
9294
-4081
-2119
7812
-11597
12563
-10476
5832
235
-6230
10719
-12599
11413
-7374
1661
4452
-9501
12219
-11969
8801
-3500
-2658
8167
-11689
12370
-10036
5196
779
-6560
10759
-12323
10904
-6816
1081
4923
-9729
12160
-11637
8293
-2869
-3117
8342
-11547
11936
-9425
4605
1316
-6925
10850
-12139
10464
-6254
510
5251
-9730
11842
-11068
7603
-2291
-3580
8579
-11488
11611
-8902
4024
1787
-7088
10665
-11642
9790
-5551
-37
5611
-9827
11645
-10634
7031
-1727
-3908
8556
-11117
10974
-8163
3360
2257
-7320
10612
-11310
9269
-4956
-548
5764
-9605
11095
-9892
6278
-1140
-4281
8660
-10928
10532
-7591
2788
2688
-7290
10192
-10625
8465
-4244
-998
6012
-9560
10773
-9371
5692
-618
-4594
8416
-10332
9737
-6764
2160
2974
-7397
10007
-10185
7883
-3670
-1445
6201
-9116
10028
-8505
4908
-122
-4694
8373
-10012
9213
-6173
1635
3304
-7440
9374
-9325
7003
-2977
-1767
6083
-8928
9594
-7924
4323
320
-4891
8270
-9221
8286
-5338
1080
3427
-7104
9060
-8803
6405
-2452
-2102
6143
-8682
8684
-6985
3582
686
-4794
7728
-8789
7707
-4742
634
3624
-7016
8687
-7824
5499
-1847
-2261
5815
-7953
8159
-6380
3042
1026
-4853
7495
-8315
6702
-3936
219
3564
-6470
7802
-7242
4911
-1391
-2467
5726
-7592
7613
-5413
2376
1233
-4550
6752
-7317
6100
-3397
-138
3627
-6243
7336
-6646
4035
-910
-2437
5199
-6687
6549
-4817
1914
1454
-4470
6396
-6770
5492
-2659
-399
3355
-5504
6303
-5578
3486
-554
-2519
4976
-6221
5952
-4243
1362
1479
-3962
5483
-5669
4475
-2188
-626
3288
-5153
5764
-4970
2969
-224
-2297
4253
-5178
4838
-3325
1001
1564
-3752
5022
-5077
3891
-1760
-712
2821
-4247
4635
-3899
2210
14
-2235
3912
-4637
4233
-2800
687
1396
-3059
3974
-3924
2917
-1202
-807
2616
-3794
4043
-3314
1771
195
-1816
3024
-3495
3114
-1978
358
1347
-2728
3441
-3317
2390
-879
-847
1968
-2753
2868
-2286
1145
269
-1624
2581
-2909
2530
-1537
166
1240
-1872
2297
-2166
1504
-481
-662
1645
-2226
2264
-1754
816
321
-1380
1563
-1721
1458
-842
20
805
-1437
1717
-1581
1058
-281
-567
1276
-1095
1088
-818
347
206
-711
1042
-1121
925
-505
-38
571
-966
529
-476
306
-63
-197
407
-520
505
-368
140
120
-353
498
66
-54
27
5
-37
58
-67
58
-37
4
27
-54
66
-622
436
-147
-180
461
-632
648
-507
241
81
-386
595
-661
1069
-629
35
568
-1033
1245
-1156
783
-222
-394
913
-1212
1215
-1354
594
308
-1138
1689
-1831
1526
-850
-35
907
-1562
1835
-1663
1427
-322
-863
1839
-2366
2317
-1705
677
514
-1582
2263
-2396
1943
-1261
-190
1591
-2611
2989
-2646
1653
-263
-1195
2360
-2951
2823
-2012
840
912
-2444
3381
-3497
2760
-1349
-386
2028
-3178
3555
-3065
1831
-177
-1811
3354
-4084
3816
-2622
789
1234
-2959
3961
-4004
3069
-1388
-713
2825
-4253
4641
-3904
2213
14
-2238
3918
-4644
4239
-2804
688
1778
-3894
5058
-4995
3714
-1530
-1028
3330
-4830
5146
-4218
2255
249
-2965
4939
-5707
5087
-3229
585
2201
-4454
5619
-5417
3903
-1434
-1383
4205
-5881
6129
-4885
2448
575
-3469
5515
-6216
5406
-3284
356
2650
-5418
6650
-6269
4353
-1391
-1915
4761
-6443
6555
-5075
2362
929
-3992
6521
-7175
6084
-3512
86
3357
-5991
7162
-6592
4415
-1170
-2365
5322
-7434
7393
-5554
2360
1400
-4825
7078
-7608
6283
-3429
-254
3877
-6559
8091
-7272
4683
-949
-3008
6233
-7952
7724
-5621
2151
1843
-5392
7618
-8430
6779
-3477
-666
4652
-7502
8529
-7481
4602
-616
-3518
6808
-8433
8401
-5906
1983
2427
-6246
8540
-8764
6851
-3269
-1103
5210
-8050
8929
-7977
4683
-262
-4242
7699
-9286
8618
-5845
1654
2935
-6816
9034
-9061
7154
-3142
-1631
6013
-8927
9671
-8065
4490
181
-4796
8251
-9699
8785
-5948
1339
3591
-7663
9855
-9654
7099
-2823
-2144
6587
-9428
9977
-8095
4389
658
-5541
9087
-10409
9210
-5757
913
4159
-8218
10271
-9830
7004
-2538
-2756
7377
-10212
10556
-8335
4072
1164
-6124
9595
-10735
9254
-5531
472
4863
-9010
10966
-10250
7041
-2121
-3315
7945
-10639
10752
-8243
3726
1733
-6876
10346
-11294
9497
-5385
-36
5443
-9533
11297
-10316
6820
-1675
-3974
8700
-11304
11159
-8300
3416
2295
-7443
10790
-11500
9425
-5039
-557
6149
-10246
11837
-10553
6698
-1216
-4567
9239
-11658
11235
-8098
2974
2868
-8169
11422
-11907
9486
-4756
-1119
6737
-10714
12073
-10501
6378
-693
-5148
9922
-12181
11480
-7974
2547
3506
-8721
11798
-12007
9293
-4327
-1703
7311
-11328
12461
-10569
6099
-151
-5832
10404
-12441
11448
-7670
2031
4106
-9245
12304
-12239
9193
-3908
-2320
7985
-11719
12593
-10402
5675
420
-6420
10856
-12818
11519
-7420
1502
4764
-9875
12596
-12238
8904
-3409
-2921
8540
-12069
12826
-10316
5290
1013
-7079
11414
-12979
11382
-7003
936
5352
-10361
12830
-12319
8659
-2908
-3560
9157
-12523
12848
-10046
4791
1616
-7641
11802
-13094
11300
-6635
370
6008
-10908
13155
-12210
8279
-2345
-4159
9655
-12800
12835
-9819
4310
2238
-8253
12249
-13273
11066
-6162
-249
6580
-11325
13309
-12057
7923
-1785
-4785
10209
-13131
12861
-9459
3760
2855
-8777
12559
-13293
10784
-5689
-854
7181
-11779
13490
-11938
7460
-1185
-5391
10650
-13313
12739
-9079
3204
3481
-9320
12899
-13335
10528
-5145
-1472
7735
-12122
13559
-11691
6986
-584
-5998
11111
-13525
12640
-8684
2615
4087
-9799
13119
-13261
10165
-4596
-2091
8291
-12478
13619
-11454
6493
42
-6565
11495
-13625
12439
-8226
2019
4692
-10276
13350
-13180
9802
-4036
-2711
8789
-12745
13581
-11132
5951
657
-7123
11866
-13711
12222
-7759
1407
5288
-10702
13501
-13014
9378
-3446
-3323
9290
-12992
13541
-10790
5409
1271
-7663
12184
-13732
11942
-7255
787
5855
-11096
13621
-12839
8916
-2849
-3922
9752
-13195
13427
-10394
4838
1903
-8176
12470
-13719
11634
-6715
166
6420
-11454
13695
-12603
8443
-2237
-4521
10176
-13350
13278
-9975
4239
2516
-8664
12713
-13663
11284
-6158
-456
6964
-11779
13720
-12331
7941
-1609
-5101
10570
-13484
13099
-9532
3648
3126
-9143
12918
-13561
10906
-5593
-1072
7484
-12068
13721
-12035
7403
-991
-5660
10953
-13566
12876
-9052
3039
3720
-9573
13089
-13431
10499
-5009
-1691
7986
-12337
13685
-11690
6863
-383
-6217
11283
-13610
12630
-8566
2424
4301
-9989
13240
-13279
10061
-4418
-2294
8457
-12554
13601
-11341
6314
254
-6744
11604
-13639
12355
-8052
1813
4861
-10374
13341
-13069
9610
-3821
-2903
8918
-12763
13506
-10958
5736
860
-7242
11878
-13605
12038
-7524
1194
5436
-10741
13425
-12848
9155
-3211
-3488
9335
-12922
13357
-10547
5153
1473
-7750
12142
-13584
11710
-6999
580
5973
-11066
13468
-12588
8647
-2605
-4072
9758
-13066
13206
-10124
4576
2071
-8216
12363
-13496
11348
-6435
-43
6504
-11391
13499
-12327
8150
-2002
-4631
10138
-13173
13004
-9672
3981
2674
-8673
12574
-13401
10982
-5872
-649
7003
-11668
13480
-12018
7627
-1384
-5201
10521
-13276
12795
-9222
3387
3266
-9110
12738
-13278
10579
-5304
-1247
7513
-11948
13463
-11710
7113
-773
-5742
10856
-13329
12561
-8725
2787
3837
-9543
12910
-13138
10169
-4734
-1863
7999
-12185
13404
-11368
6560
-163
-6273
11191
-13382
12313
-8250
2185
4417
-9944
13032
-12964
9737
-4139
-2457
8458
-12412
13338
-11017
6011
444
-6800
11498
-13392
12034
-7752
1569
4977
-10317
13159
-12785
9302
-3561
-3052
8922
-12609
13238
-10648
5460
1045
-7307
11780
-13396
11748
-7228
967
5524
-10694
13242
-12580
8842
-2970
-3636
9351
-12788
13120
-10258
4893
1651
-7802
12052
-13371
11433
-6714
374
6079
-11036
13310
-12354
8377
-2372
-4208
9769
-12950
12986
-9856
4326
2246
-8285
12296
-13323
11108
-6186
-250
6605
-11368
13359
-12103
7900
-1780
-4772
10180
-13093
12824
-9432
3749
2847
-8752
12524
-13255
10753
-5642
-847
7121
-11681
13378
-11839
7398
-1175
-5346
10561
-13203
12633
-9004
3164
3437
-9202
12736
-13167
10395
-5080
-1453
7637
-11969
13388
-11543
6897
-574
-5902
10933
-13308
12437
-8545
2573
4022
-9642
12909
-13049
10002
-4523
-2052
8138
-12247
13367
-11242
6373
41
-6444
11283
-13373
12209
-8074
1982
4598
-10069
13081
-12915
9605
-3955
-2657
8613
-12489
13308
-10908
5831
644
-6974
11617
-13423
11965
-7596
1377
5177
-10477
13218
-12741
9181
-3373
-3253
9092
-12715
13253
-10560
5293
1244
-7500
11925
-13439
11688
-7101
770
5730
-10863
13334
-12568
8728
-2789
-3840
9546
-12917
13144
-10175
4736
1863
-8004
12216
-13440
11397
-6578
162
6289
-11221
13416
-12347
8271
-2192
-4429
9969
-13092
13022
-9782
4157
2467
-8497
12468
-13400
11066
-6039
-447
6829
-11551
13473
-12109
7799
-1580
-5009
10380
-13241
12863
-9361
3582
3070
-8978
12686
-13338
10726
-5501
-1054
7360
-11869
13495
-11837
7281
-975
-5567
10773
-13342
12684
-8917
2993
3665
-9430
12894
-13231
10343
-4934
-1665
7867
-12154
13482
-11535
6772
-378
-6134
11133
-13429
12462
-8452
2392
4244
-9856
13064
-13102
9943
-4366
-2267
8357
-12406
13441
-11208
6240
251
-6665
11468
-13479
12209
-7968
1794
4811
-10266
13202
-12933
9510
-3781
-2872
8824
-12629
13365
-10844
5683
852
-7174
11766
-13477
11925
-7454
1183
5384
-10640
13299
-12727
9069
-3183
-3458
9254
-12810
13241
-10455
5108
1460
-7682
12036
-13466
11608
-6938
576
5922
-10973
13355
-12482
8575
-2583
-4037
9676
-12956
13095
-10039
4538
2053
-8145
12256
-13379
11250
-6379
-42
6447
-11293
13382
-12220
8079
-1984
-4587
10041
-13047
12880
-9580
3943
2649
-8591
12455
-13274
10878
-5817
-643
6926
-11540
13332
-11886
7543
-1369
-5143
10405
-13130
12654
-9121
3350
3230
-8989
12569
-13102
10439
-5234
-1231
7413
-11789
13285
-11555
7019
-763
-5665
10680
-13112
12357
-8583
2741
3774
-9387
12700
-12924
10003
-4657
-1833
7869
-11938
13133
-11138
6428
-160
-6147
10965
-13111
12065
-8083
2141
4327
-9743
12706
-12640
9494
-4036
-2395
8246
-12102
13005
-10742
5860
433
-6630
11211
-12980
11664
-7514
1521
4824
-10000
12755
-12392
9016
-3452
-2958
8648
-12222
12742
-10249
5255
1006
-7033
11339
-12894
11308
-6957
930
5317
-10293
12746
-12011
8442
-2835
-3471
8928
-12210
12527
-9794
4671
1576
-7450
11507
-12766
10816
-6351
354
5751
-10441
12591
-11687
7925
-2244
-3981
9241
-12251
12285
-9228
4050
2103
-7756
11512
-12473
10399
-5791
-234
6184
-10643
12507
-11331
7311
-1648
-4415
9420
-12116
11867
-8728
3469
2635
-8099
11588
-12265
9950
-5154
-773
6504
-10670
12219
-10814
6758
-1073
-4883
9647
-12060
11539
-8224
2849
3095
-8286
11468
-11856
9360
-4575
-1309
6877
-10777
12055
-10394
6211
-509
-5232
9692
-11798
11026
-7576
2281
3565
-8548
11444
-11568
8867
-4010
-1789
7092
-10674
11650
-9798
5554
36
-5616
9834
-11655
10641
-7037
1727
3934
-8615
11192
-11051
8218
-3384
-2273
7369
-10686
11387
-9333
4989
551
-5849
9744
-11258
10035
-6371
1155
4342
-8787
11086
-10686
7701
-2830
-2728
7464
-10439
10880
-8670
4346
1021
-6158
9790
-11034
9595
-5830
632
4704
-8716
10699
-10085
7003
-2238
-3081
7660
-10364
10546
-8164
3800
1495
-6423
9564
-10523
8923
-5151
127
4924
-8786
10504
-9667
6476
-1716
-3468
7805
-9987
9933
-7462
3171
1882
-6482
9510
-10221
8441
-4607
-341
5209
-8811
9996
-8984
5786
-1172
-3716
7701
-9824
9543
-6945
2658
2277
-6661
9412
-9608
7727
-3963
-759
5302
-8550
9721
-8527
5245
-702
-4010
7760
-9611
8856
-6226
2090
2559
-6584
9003
-9238
7222
-3445
-1163
5493
-8486
9413
-7792
4574
-256
-4144
7520
-9071
8418
-5710
1616
2867
-6658
8825
-8851
6485
-2848
-1479
5451
-8093
8767
-7311
4070
164
-4348
7480
-8792
7964
-5009
1128
3024
-6453
8299
-8130
5978
-2377
-1806
5547
-7939
8401
-6817
3435
515
-4337
7113
-8147
7208
-4506
715
3255
-6432
8039
-7694
5482
-1846
-2006
5367
-7430
7680
-6065
2963
847
-4456
6981
-7811
6733
-4024
319
3288
-6093
7415
-6931
4761
-1435
-2242
5372
-7194
7271
-5574
2519
1088
-4318
6497
-7093
5964
-3382
-23
3418
-5987
7094
-6479
4283
-1052
-2316
5069
-6587
6502
-4836
1990
1337
-4337
6287
-6701
5491
-2937
-325
3319
-5531
6389
-5696
3615
-656
-2465
4986
-6293
6064
-4371
1605
1548
-4076
5699
-5942
4733
-2374
-558
3361
-5346
6024
-5240
3182
-346
-2569
4565
-5606
5282
-3670
1172
1613
-4013
5429
-5526
4276
-1991
-784
3364
-4792
5271
-4471
2580
-64
-2468
4401
-5263
4843
-3245
859
1737
-3911
4767
-4742
3561
-1514
-899
3093
-4540
4878
-4030
2198
162
-2487
4205
-4527
4068
-2621
530
1682
-3488
4448
-4322
3144
-1204
-1032
3016
-4263
4106
-3303
1693
324
-2267
3654
-4156
3644
-2242
299
1713
-3317
4107
-3551
2495
-839
-1027
2639
-3610
3703
-2896
1381
466
-2203
3401
-3774
2908
-1708
95
1546
-2808
3385
-3143
2130
-604
-1071
2484
-3294
3303
-2233
980
508
-1877
2785
-3019
2516
-1402
-57
1496
-2576
3026
-2742
1571
-355
-949
2024
-2605
2550
-1876
745
566
-1741
2490
-2637
2138
-968
-146
1221
-2004
2294
-2031
1268
-202
-917
1811
-2265
2166
-1545
456
496
-1329
1839
-1902
1501
-734
-210
1102
-1729
1933
-1667
996
-68
-695
1286
-1567
1463
-1006
302
473
-1135
1519
-1536
1177
-533
-188
743
-1120
1222
-1028
582
3
-589
1031
-1223
1116
-739
181
301
-662
858
-848
630
-260
-175
565
-820
873
-717
382
42
-283
469
-543
483
-308
55
209
-424
534
-516
371
-137
-132
144
-202
209
-168
83
19
-119
188
-213
185
-113
12
90
87
-108
101
-71
22
31
-78
104
-107
82
-39
-16
64
-383
421
-358
206
-6
-198
351
-421
386
-260
68
138
-313
705
-702
527
-224
-133
457
-672
721
-597
325
24
-368
622
-1020
916
-591
119
379
-786
1002
-974
708
-272
-233
679
-961
1289
-1038
531
101
-712
1147
-1306
1144
-705
94
538
-1042
1290
-1484
1042
-351
-429
1102
-1509
1547
-1210
577
194
-921
1421
-1577
1573
-925
51
836
-1520
1832
-1701
1153
-327
-580
1344
-1783
1787
-1543
677
351
-1297
1924
-2086
1738
-969
-40
1034
-1780
2091
-1895
1378
-311
-833
1776
-2286
2238
-1647
654
497
-1528
2185
-2314
1876
-1082
-163
1364
-2239
2563
-2269
1417
-226
-1025
2024
-2531
2421
-1726
657
714
-1913
2647
-2737
2160
-1056
-302
1587
-2488
2782
-2400
1433
-129
-1317
2439
-2970
2775
-1907
574
897
-2152
2880
-2912
2232
-1010
-488
1932
-2909
3175
-2671
1513
9
-1531
2679
-3177
2900
-1918
470
1154
-2527
3283
-3242
2410
-993
-667
2161
-3135
3340
-2738
1463
161
-1838
3061
-3537
3153
-2002
363
1364
-2761
3483
-3358
2419
-889
-858
2501
-3499
3646
-2906
1456
342
-2064
3281
-3699
3216
-1954
212
1576
-3107
3813
-3594
2495
-798
-1098
2729
-3694
3758
-2910
1354
532
-2289
3614
-3977
3372
-1947
48
1860
-3320
3969
-3653
2447
-649
-1311
2949
-3993
3971
-2984
1267
752
-2592
3802
-4087
3375
-1842
-137
2083
-3523
4221
-3794
2443
-495
-1570
3252
-4149
4030
-2933
1122
961
-2813
3974
-4280
3441
-1766
-339
2361
-3809
4330
-3798
2336
-313
-1787
3456
-4282
4157
-2923
981
1201
-3091
4225
-4336
3389
-1617
-546
2578
-3983
4418
-3852
2261
-127
-2049
3717
-4484
4161
-2823
798
1417
-3291
4362
-4375
3375
-1482
-770
2837
-4212
4563
-3805
2118
85
-2263
3893
-4576
4145
-2745
618
1657
-3537
4547
-4455
3275
-1303
-990
3039
-4351
4604
-3736
1983
297
-2504
4105
-4703
4161
-2601
412
1878
-3713
4640
-4441
3164
-1124
-1221
3266
-4521
4673
-3690
1802
515
-2712
4248
-4753
4096
-2449
205
2111
-3912
4760
-4450
3056
-921
-1440
3449
-4619
4668
-3579
1617
738
-2930
4408
-4812
4046
-2295
-16
2319
-4062
4813
-4395
2906
-714
-1663
3640
-4731
4669
-3473
1429
960
-3115
4515
-4813
3943
-2109
-233
2529
-4214
4868
-4340
2754
-500
-1878
3799
-4795
4620
-3331
1223
1179
-3304
4619
-4816
3836
-1924
-453
2724
-4333
4882
-4247
2579
-281
-2082
3948
-4848
4569
-3174
1013
1395
-3471
4695
-4779
3698
-1722
-678
2909
-4440
4883
-4142
2390
-60
-2286
4077
-4876
4486
-3006
796
1609
-3623
4751
-4726
3549
-1509
-896
3083
-4525
4862
-4017
2191
162
-2479
4191
-4880
4385
-2825
571
1813
-3760
4795
-4659
3389
-1298
-1112
3251
-4595
4816
-3874
1986
380
-2659
4286
-4874
4274
-2630
351
2010
-3891
4818
-4567
3209
-1078
-1320
3394
-4642
4762
-3724
1776
599
-2832
4374
-4854
4136
-2430
135
2199
-3994
4816
-4470
3031
-859
-1523
3534
-4686
4699
-3553
1559
809
-2986
4432
-4802
4003
-2230
-90
2380
-4098
4815
-4363
2834
-639
-1712
3652
-4698
4601
-3384
1345
1021
-3141
4493
-4756
3858
-2014
-303
2542
-4170
4775
-4227
2641
-420
-1909
3770
-4713
4509
-3215
1123
1220
-3267
4521
-4675
3690
-1804
-516
2711
-4249
4753
-4098
2448
-203
-2083
3858
-4697
4389
-3016
908
1419
-3403
4556
-4606
3530
-1597
-720
2854
-4296
4688
-3944
2235
14
-2260
3957
-4691
4282
-2832
695
1602
-3510
4559
-4502
3347
-1379
-926
3001
-4353
4638
-3802
2032
224
-2415
4022
-4648
4143
-2630
477
1792
-3628
4576
-4412
3179
-1168
-1127
3127
-4375
4559
-3633
1821
428
-2581
4102
-4624
4020
-2443
265
1971
-3713
4558
-4296
2983
-954
-1313
3263
-4416
4492
-3478
1618
637
-2736
4149
-4565
3871
-2235
55
2136
-3812
4557
-4194
2809
-745
-1505
3386
-4420
4396
-3303
1403
833
-2869
4209
-4524
3736
-2039
-151
2305
-3900
4522
-4065
2617
-531
-1682
3484
-4445
4317
-3142
1202
1030
-3014
4258
-4453
3581
-1837
-352
2457
-3963
4505
-3952
2430
-326
-1859
3596
-4455
4213
-2963
994
1217
-3133
4283
-4396
3436
-1640
-554
2613
-4038
4478
-3815
2239
-125
-2029
3682
-4442
4121
-2796
791
1403
-3260
4320
-4334
3275
-1439
-747
2753
-4087
4428
-3693
2055
82
-2196
3778
-4441
4022
-2617
589
1579
-3371
4335
-4247
3122
-1242
-943
2897
-4147
4388
-3561
1861
279
-2350
3853
-4414
3905
-2442
387
1763
-3485
4355
-4169
2970
-1041
-1131
3025
-4188
4329
-3418
1670
477
-2512
3935
-4403
3795
-2269
188
1934
-3584
4361
-4077
2800
-844
-1319
3160
-4232
4276
-3279
1482
670
-2660
4001
-4368
3673
-2083
-14
2105
-3687
4369
-3990
2638
-648
-1499
3280
-4263
4208
-3130
1288
865
-2807
4069
-4337
3554
-1901
-210
2266
-3776
4362
-3889
2468
-448
-1683
3404
-4296
4140
-2984
1096
1056
-2949
4122
-4298
3423
-1717
-404
2431
-3867
4357
-3790
2302
-250
-1858
3514
-4315
4066
-2825
902
1242
-3089
4179
-4253
3291
-1533
-604
2589
-3946
4340
-3682
2124
-53
-2032
3624
-4334
3987
-2672
707
1430
-3220
4222
-4200
3154
-1341
-796
2740
-4021
4321
-3569
1947
144
-2203
3725
-4341
3900
-2513
508
1613
-3344
4265
-4144
3014
-1155
-989
2891
-4087
4292
-3453
1770
339
-2369
3819
-4344
3809
-2344
313
1791
-3468
4293
-4080
2868
-963
-1179
3033
-4148
4255
-3327
1587
535
-2531
3909
-4337
3709
-2178
121
1972
-3581
4318
-4008
2717
-770
-1365
3169
-4202
4213
-3198
1404
729
-2688
3990
-4323
3604
-2007
-81
2143
-3689
4335
-3927
2563
-578
-1549
3303
-4249
4161
-3061
1216
924
-2840
4063
-4301
3489
-1831
-275
2310
-3790
4340
-3841
2400
-382
-1735
3426
-4284
4099
-2922
1026
1114
-2985
4131
-4271
3371
-1648
-472
2477
-3883
4342
-3745
2237
-187
-1914
3544
-4315
4032
-2771
834
1304
-3127
4185
-4231
3243
-1467
-665
2637
-3969
4331
-3643
2065
13
-2088
3656
-4334
3956
-2617
642
1489
-3261
4236
-4183
3110
-1281
-861
2789
-4045
4309
-3533
1888
208
-2257
3758
-4343
3871
-2458
445
1675
-3390
4276
-4123
2970
-1092
-1053
2939
-4110
4283
-3414
1711
402
-2425
3854
-4345
3778
-2296
249
1852
-3508
4305
-4059
2818
-901
-1240
3082
-4171
4244
-3286
1529
601
-2585
3940
-4335
3676
-2122
52
2028
-3620
4327
-3983
2667
-707
-1429
3215
-4218
4195
-3152
1339
794
-2738
4016
-4317
3565
-1946
-144
2200
-3722
4335
-3897
2509
-509
-1612
3340
-4261
4139
-3013
1152
988
-2890
4082
-4288
3447
-1769
-339
2366
-3816
4338
-3805
2340
-314
-1790
3462
-4289
4073
-2864
961
1177
-3028
4140
-4249
3321
-1585
-535
2526
-3903
4329
-3701
2172
-122
-1968
3571
-4309
3998
-2712
767
1361
-3162
4191
-4204
3187
-1400
-727
2679
-3978
4309
-3594
2000
80
-2137
3676
-4322
3914
-2554
575
1541
-3290
4230
-4145
3047
-1212
-921
2828
-4048
4283
-3475
1821
273
-2299
3770
-4319
3821
-2389
379
1725
-3410
4261
-4078
2906
-1021
-1109
2966
-4106
4244
-3351
1637
468
-2463
3857
-4316
3720
-2224
184
1899
-3520
4283
-4004
2750
-829
-1295
3103
-4156
4200
-3220
1455
659
-2616
3936
-4297
3613
-2049
-14
2070
-3627
4297
-3925
2594
-638
-1476
3230
-4198
4144
-3083
1268
852
-2764
4007
-4271
3500
-1872
-207
2234
-3723
4300
-3834
2433
-442
-1659
3356
-4236
4082
-2942
1080
1042
-2910
4067
-4241
3378
-1694
-399
2399
-3816
4299
-3740
2271
-247
-1834
3470
-4261
4015
-2790
891
1226
-3051
4127
-4201
3251
-1514
-596
2557
-3900
4289
-3638
2099
-52
-2008
3581
-4283
3940
-2641
699
1413
-3183
4175
-4154
3119
-1327
-788
2710
-3977
4273
-3530
1925
142
-2179
3684
-4296
3860
-2487
503
1596
-3310
4221
-4102
2984
-1143
-979
2862
-4045
4252
-3421
1753
335
-2347
3784
-4304
3773
-2322
310
1774
-3436
4254
-4047
2844
-956
-1170
3008
-4114
4221
-3301
1574
531
-2511
3877
-4302
3684
-2164
120
1959
-3557
4289
-3981
2699
-765
-1356
3148
-4174
4185
-3183
1397
725
-2675
3970
-4302
3586
-1998
-81
2132
-3671
4313
-3908
2556
-576
-1544
3293
-4237
4149
-3052
1213
921
-2832
4052
-4289
3479
-1830
-275
2309
-3789
4339
-3840
2399
-381
-1734
3425
-4283
4097
-2921
1029
1117
-2993
4142
-4282
3380
-1652
-473
2484
-3893
4354
-3754
2243
-188
-1926
3566
-4342
4057
-2788
839
1312
-3146
4211
-4257
3263
-1476
-672
2664
-4010
4375
-3680
2086
13
-2110
3693
-4378
3996
-2643
648
1511
-3309
4298
-4244
3156
-1300
-873
2830
-4104
4373
-3585
1916
211
-2302
3834
-4430
3948
-2507
454
1708
-3458
4362
-4205
3030
-1114
-1074
3014
-4217
4394
-3502
1755
412
-2487
3954
-4457
3875
-2355
255
1900
-3621
4444
-4190
2909
-930
-1280
3182
-4306
4381
-3392
1578
621
-2668
4095
-4506
3820
-2206
54
2108
-3762
4497
-4139
2772
-735
-1485
3341
-4416
4392
-3300
1402
832
-2866
4205
-4520
3732
-2037
-151
2303
-3897
4575
-4112
2648
-537
-1701
3524
-4497
4367
-3179
1216
1042
-3049
4307
-4562
3668
-1882
-361
2517
-4059
4615
-4048
2490
-334
-1904
3684
-4563
4371
-3073
1031
1263
-3250
4443
-4560
3564
-1701
-574
2711
-4188
4645
-4008
2352
-132
-2131
3867
-4665
4329
-2937
831
1474
-3424
4538
-4552
3483
-1530
-795
2928
-4347
4709
-3927
2186
88
-2336
4018
-4723
4277
-2817
634
1700
-3629
4667
-4572
3361
-1337
-1016
3119
-4465
4724
-3834
2027
304
-2560
4198
-4809
4255
-2660
422
1921
-3797
4745
-4542
3236
-1147
-1246
3334
-4616
4771
-3768
1840
526
-2768
4337
-4852
4182
-2500
209
2155
-3994
4860
-4543
3120
-940
-1470
3521
-4716
4765
-3654
1651
755
-2996
4507
-4920
4137
-2346
-16
2371
-4153
4921
-4494
2971
-730
-1705
3731
-4849
4786
-3561
1465
984
-3193
4628
-4933
4042
-2162
-239
2602
-4336
5008
-4465
2834
-515
-1933
3909
-4933
4753
-3427
1258
1213
-3414
4773
-4977
3964
-1988
-468
2815
-4478
5045
-4389
2665
-290
-2152
4101
-5035
4745
-3296
1052
1449
-3605
4876
-4963
3841
-1789
-704
3021
-4636
5099
-4325
2495
-62
-2387
4257
-5091
4684
-3139
831
1680
-3783
4988
-4963
3727
-1585
-941
3237
-4752
5105
-4218
2300
170
-2603
4401
-5152
4629
-2983
603
1915
-3970
5062
-4919
3578
-1370
-1174
3432
-4851
5112
-4112
2108
403
-2822
4549
-5174
4537
-2792
373
2133
-4130
5114
-4871
3423
-1150
-1408
3620
-4951
5079
-3972
1894
639
-3021
4666
-5177
4431
-2602
145
2356
-4278
5158
-4788
3246
-920
-1631
3786
-5019
5033
-3818
1676
870
-3209
4763
-5161
4302
-2396
-97
2558
-4404
5175
-4688
3053
-688
-1844
3934
-5061
4956
-3645
1449
1100
-3383
4840
-5123
4155
-2172
-326
2740
-4496
5149
-4557
2847
-453
-2058
4065
-5082
4862
-3466
1210
1314
-3521
4872
-5037
3976
-1944
-556
2921
-4579
5121
-4416
2638
-218
-2240
4148
-5050
4719
-3243
976
1526
-3659
4898
-4951
3795
-1716
-771
3055
-4599
5018
-4221
2392
15
-2420
4236
-5021
4584
-3032
744
1704
-3732
4847
-4787
3559
-1466
-985
3191
-4629
4932
-4043
2161
238
-2545
4238
-4897
4365
-2771
502
1888
-3822
4822
-4648
3349
-1231
-1187
3256
-4554
4746
-3782
1895
445
-2686
4270
-4813
4185
-2543
276
2052
-3807
4672
-4405
3058
-978
-1346
3345
-4527
4605
-3566
1659
653
-2805
4174
-4593
3894
-2248
55
2149
-3835
4584
-4219
2826
-749
-1514
3406
-4347
4322
-3248
1380
819
-2821
4139
-4449
3673
-2005
-149
2267
-3835
4327
-3890
2504
-508
-1609
3333
-4253
4131
-3007
1150
986
-2884
4074
-4126
3317
-1702
-326
2276
-3671
4174
-3661
2252
-302
-1722
3332
-4127
3758
-2643
887
1086
-2795
3820
-3921
3064
-1462
-494
2331
-3601
3994
-3255
1911
-107
-1731
3141
-3790
3516
-2385
675
1197
-2782
3686
-3698
2653
-1166
-605
2230
-3312
3587
-2992
1665
67
-1779
3060
-3598
3258
-1996
449
1204
-2572
3306
-3239
2381
-947
-720
2210
-3163
3347
-2716
1322
198
-1670
2739
-3138
2776
-1736
275
1253
-2477
3095
-2963
2111
-681
-740
1979
-2740
2832
-2237
1092
312
-1644
2574
-2881
2483
-1484
111
1147
-2127
2587
-2419
1661
-501
-783
1875
-2511
2537
-1946
879
353
-1404
2112
-2306
1939
-1100
-8
1111
-1947
2306
-2107
1392
-342
-687
1502
-1953
1927
-1434
590
396
-1286
1863
-1986
1627
-871
-97
869
-1449
1673
-1493
947
-172
-646
1306
-1649
1588
-1145
420
405
-900
1257
-1312
1044
-524
-124
741
-1180
1329
-1157
702
-77
-567
781
-960
904
-628
200
276
-687
929
-946
731
-341
-135
575
-535
587
-499
287
-8
-276
490
-587
540
-362
95
193
-437
188
-188
140
-60
-36
122
-180
192
-160
86
6
-99
166
216
-195
125
-26
-81
166
-213
206
-151
57
49
-145
204
-636
511
-263
-51
350
-566
643
-565
347
-47
-266
513
-637
1019
-717
240
294
-758
1036
-1064
831
-397
-134
632
-977
1083
-1316
772
-44
-700
1270
-1533
1421
-965
272
484
-1125
1490
-1495
1480
-650
-338
1244
-1847
2000
-1669
928
37
-993
1707
-2007
1817
-1472
331
888
-1896
2437
-2388
1755
-699
-531
1629
-2332
2467
-2003
1258
188
-1589
2605
-2985
2640
-1651
262
1192
-2357
2945
-2819
2008
-826
-897
2399
-3321
3432
-2711
1324
378
-1992
3120
-3491
3009
-1799
171
1765
-3270
3979
-3720
2555
-770
-1203
2883
-3861
3902
-2992
1352
693
-2752
4139
-4519
3800
-2155
-15
2178
-3815
4520
-4128
2729
-671
-1737
3801
-4939
4875
-3627
1492
1002
-3252
4714
-5025
4118
-2202
-244
2911
-4851
5603
-4996
3170
-576
-2162
4373
-5519
5319
-3834
1408
1357
-4164
5821
-6069
4834
-2424
-570
3433
-5460
6153
-5352
3250
-353
-2624
5414
-6648
6265
-4352
1390
1913
-4760
6439
-6553
5072
-2362
-930
3989
-6590
7249
-6149
3548
-88
-3393
6052
-7238
6659
-4462
1181
2388
-5378
7600
-7560
5678
-2414
-1433
4932
-7239
7778
-6425
3505
259
-3965
6705
-8378
7528
-4850
982
3114
-6455
8232
-7998
5819
-2228
-1909
5582
-7888
8843
-7113
3647
698
-4881
7869
-8949
7848
-4829
646
3690
-7144
8846
-8936
6280
-2109
-2583
6642
-9084
9319
-7287
3475
1172
-5542
8560
-9498
8602
-5051
281
4574
-8304
10014
-9295
6303
-1785
-3166
7350
-9744
9771
-7827
3436
1784
-6579
9764
-10580
8821
-4912
-199
5245
-9027
10609
-9611
6600
-1487
-3986
8504
-10938
10713
-7879
3132
2379
-7311
10462
-11073
8983
-4943
-742
6239
-10234
11720
-10372
6482
-1030
-4684
9253
-11567
11068
-7889
2899
3149
-8431
11668
-12064
9524
-4655
-1331
6997
-10966
12266
-10576
6319
-549
-5640
10447
-12718
11885
-8166
2459
3843
-9214
12336
-12470
9558
-4322
-2041
8091
-12176
13290
-11177
6336
41
-6406
11218
-13295
12139
-8027
1970
4745
-10391
13499
-13328
9911
-4081
-2742
8888
-12888
13733
-11256
6017
664
-7453
12416
-14346
12788
-8118
1472
5533
-11197
14127
-13617
9813
-3605
-3477
10044
-14046
14640
-11666
5847
1374
-8285
13173
-14846
12911
-7844
851
6330
-12379
15196
-14323
9947
-3179
-4376
10879
-14720
14979
-11595
5397
2123
-9121
14335
-15772
13374
-7720
191
7380
-13168
15743
-14489
9706
-2572
-5198
11698
-15795
15709
-11801
5015
2976
-10251
15041
-16165
13350
-7285
-540
8239
-13936
16685
-14995
9658
-1956
-6203
12854
-16397
15929
-11591
4436
3802
-11118
15710
-16929
13614
-6982
-1338
9342
-15065
17129
-15024
9242
-1237
-7065
13673
-16935
16480
-11585
3889
4762
-12252
16752
-17190
13438
-6411
-2164
10221
-15790
17516
-15322
8995
-502
-8147
14788
-17837
16554
-11227
3178
5637
-13091
17353
-17403
13487
-5922
-3075
11336
-16828
18231
-15202
8464
341
-9041
15556
-18283
16561
-11025
2483
6657
-14206
18269
-17896
13160
-5232
-3974
12211
-17476
18495
-15006
8015
1202
-10118
16595
-19007
16818
-10512
1668
7594
-15006
18756
-17949
12791
-4571
-4966
13291
-18398
19018
-15016
7337
2098
-11034
17288
-19340
16673
-9964
841
8656
-16037
19519
-18243
12533
-3775
-5900
14142
-18936
19139
-14672
6633
3052
-12106
18216
-19885
16721
-9481
-63
9583
-16784
19891
-18162
12009
-2949
-6929
15169
-19710
19458
-14472
5957
4001
-12977
18815
-20052
16433
-8787
-971
10629
-17710
20460
-18240
11577
-2101
-7893
15969
-20150
19420
-13997
5141
4957
-14009
19589
-20420
16269
-8157
-1918
11554
-18374
20705
-18009
10939
-1188
-8829
16898
-20746
19551
-13580
4338
5972
-14852
20094
-20449
15828
-7369
-2900
12451
-19173
21092
-17888
10323
-256
-9871
17609
-21056
19376
-12981
3438
6950
-15646
20710
-20601
15474
-6578
-3904
13441
-19724
21196
-17508
9552
707
-10805
18272
-21470
19294
-12428
2516
7980
-16541
21098
-20498
14914
-5709
-4893
14305
-20216
21391
-17205
8822
1689
-11806
19036
-21646
18983
-11679
1562
8927
-17280
21398
-20467
14386
-4831
-5915
15214
-20806
21347
-16690
7960
2686
-12694
19608
-21754
18713
-10988
612
9950
-18063
21785
-20220
13711
-3882
-6886
15989
-21196
21255
-16213
7117
3695
-13628
20227
-21917
18273
-10175
-411
10866
-18700
21976
-19909
13051
-2941
-7882
16817
-21629
21185
-15580
6193
4704
-14458
20689
-21896
17764
-9352
-1403
11804
-19363
22175
-19624
12264
-1947
-8862
17507
-21885
20941
-14925
5259
5712
-15294
21167
-21884
17277
-8443
-2415
12694
-19892
22252
-19185
11464
-956
-9829
18208
-22163
20713
-14231
4286
6698
-16058
21499
-21732
16658
-7532
-3423
13572
-20425
22293
-18748
10629
69
-10746
18817
-22302
20362
-13465
3306
7675
-16805
21834
-21556
16031
-6600
-4434
14375
-20844
22213
-18206
9733
1075
-11643
19396
-22410
19977
-12681
2300
8644
-17491
22068
-21271
15329
-5632
-5431
15178
-21226
22124
-17629
8837
2077
-12520
19907
-22436
19512
-11854
1286
9566
-18125
22250
-20972
14565
-4654
-6407
15930
-21553
21932
-16978
7903
3110
-13356
20368
-22409
19003
-10968
271
10486
-18709
22369
-20586
13791
-3654
-7385
16622
-21808
21691
-16294
6925
4110
-14154
20768
-22320
18434
-10059
-745
11376
-19241
22419
-20148
12977
-2628
-8334
17271
-22032
21403
-15574
5961
5108
-14939
21108
-22166
17826
-9142
-1751
12232
-19725
22428
-19671
12101
-1620
-9251
17904
-22173
21055
-14802
4969
6084
-15653
21404
-21962
17169
-8191
-2764
13059
-20174
22379
-19126
11229
-627
-10170
18460
-22266
20664
-14014
3967
7037
-16342
21662
-21725
16470
-7232
-3755
13844
-20551
22265
-18565
10336
417
-11040
18997
-22327
20225
-13188
2970
7963
-16993
21853
-21407
15742
-6259
-4754
14607
-20905
22123
-17950
9403
1410
-11870
19469
-22298
19731
-12332
1957
8909
-17604
22004
-21057
15006
-5266
-5720
15311
-21193
21908
-17298
8452
2417
-12710
19914
-22278
19206
-11478
953
9802
-18161
22104
-20659
14192
-4275
-6682
16015
-21444
21673
-16615
7511
3401
-13493
20303
-22162
18637
-10567
-70
10681
-18707
22169
-20243
13384
-3287
-7609
16659
-21646
21368
-15893
6542
4394
-14252
20663
-22021
18047
-9650
-1067
11515
-19185
22164
-19760
12542
-2276
-8551
17299
-21828
21038
-15163
5569
5370
-14986
20955
-21844
17404
-8726
-2052
12360
-19655
22149
-19265
11702
-1271
-9445
17869
-21938
20675
-14361
4587
6315
-15706
21249
-21625
16738
-7792
-3067
13167
-20063
22072
-18719
10803
-268
-10330
18427
-22034
20276
-13585
3598
7273
-16373
21468
-21354
16040
-6818
-4047
13933
-20446
21972
-18148
9901
732
-11200
18941
-22066
19830
-12773
2586
8202
-17000
21684
-21067
15328
-5868
-5029
14702
-20777
21819
-17549
8999
1723
-12043
19416
-22079
19363
-11913
1593
9105
-17625
21826
-20737
14576
-4895
-5993
15415
-21080
21628
-16910
8065
2721
-12862
19867
-22041
18849
-11068
617
10023
-18195
21944
-20367
13811
-3911
-6937
16105
-21350
21410
-16250
7133
3704
-13658
20273
-21966
18314
-10198
-412
10891
-18742
22026
-19954
13025
-2935
-7866
16783
-21585
21142
-15549
6181
4695
-14429
20647
-21852
17728
-9301
-1396
11739
-19256
22053
-19515
12196
-1937
-8813
17410
-21764
20826
-14842
5215
5665
-15167
20991
-21701
17133
-8373
-2395
12588
-19726
22066
-19025
11368
-946
-9726
18016
-21930
20495
-14081
4241
6628
-15889
21273
-21503
16483
-7453
-3381
13407
-20177
22023
-18521
10500
68
-10615
18589
-22031
20115
-13301
3266
7573
-16584
21545
-21271
15819
-6513
-4375
14185
-20569
21919
-17965
9604
1061
-11482
19128
-22100
19701
-12506
2268
8525
-17250
21763
-20978
15117
-5554
-5356
14965
-20928
21814
-17382
8713
2048
-12345
19628
-22121
19238
-11687
1268
9432
-17874
21941
-20681
14362
-4589
-6318
15708
-21254
21628
-16742
7793
3066
-13170
20094
-22108
18748
-10821
267
10345
-18458
22069
-20310
13605
-3605
-7285
16398
-21530
21414
-16086
6837
4057
-13973
20503
-22035
18198
-9931
-735
11231
-18996
22151
-19908
12822
-2597
-8235
17065
-21769
21148
-15389
5890
5047
-14761
20857
-21923
17631
-9042
-1732
12099
-19509
22183
-19456
11968
-1602
-9150
17708
-21931
20847
-14655
4920
6024
-15498
21192
-21744
16999
-8109
-2737
12929
-19974
22157
-18957
11129
-621
-10080
18296
-22069
20481
-13890
3932
6975
-16197
21470
-21532
16341
-7175
-3726
13735
-20388
22089
-18419
10255
413
-10953
18847
-22151
20066
-13096
2950
7907
-16873
21700
-21256
15631
-6215
-4721
14505
-20758
21968
-17824
9343
1401
-11795
19345
-22157
19606
-12254
1945
8853
-17493
21865
-20924
14911
-5235
-5687
15221
-21069
21780
-17196
8402
2402
-12635
19797
-22148
19093
-11411
947
9747
-18058
21978
-20542
14112
-4251
-6644
15924
-21322
21550
-16521
7469
3382
-13414
20185
-22034
18528
-10505
-69
10619
-18598
22040
-20125
13306
-3268
-7561
16553
-21508
21233
-15792
6501
4367
-14161
20532
-21882
17933
-9588
-1060
11431
-19045
22003
-19616
12450
-2259
-8489
17173
-21669
20885
-15052
5529
5331
-14856
20773
-21654
17252
-8650
-2034
12253
-19484
21956
-19097
11600
-1260
-9363
17679
-21705
20456
-14208
4539
6248
-15540
21023
-21395
16560
-7709
-3034
13027
-19801
21783
-18474
10661
-264
-10195
18186
-21746
20011
-13407
3551
7178
-16159
21122
-21010
15781
-6708
-3982
13708
-20117
21618
-17856
9742
721
-11020
18636
-21631
19439
-12521
2535
8040
-16665
21256
-20651
15026
-5752
-4929
14412
-20367
21296
-17128
8783
1682
-11754
18951
-21550
18899
-11627
1555
8887
-17203
21303
-20139
14156
-4754
-5820
14970
-20473
21005
-16423
7833
2643
-12491
19294
-21405
18202
-10688
596
9679
-17570
21190
-19668
13337
-3776
-6699
15552
-20617
20675
-15592
6844
3554
-13105
19452
-21077
17573
-9785
-395
10450
-17983
21134
-19146
12409
-2796
-7494
15989
-20565
20143
-14814
5889
4473
-13746
19671
-20819
16890
-8792
-1319
11096
-18202
20846
-18447
11529
-1831
-8330
16458
-20573
19686
-14030
4887
5309
-14214
19673
-20338
16057
-7847
-2244
11798
-18488
20680
-17830
10654
-879
-9031
16728
-20362
19030
-13075
3937
6154
-14753
19752
-19966
15305
-6920
-3108
12324
-18547
20244
-17025
9652
63
-9758
17087
-20252
18490
-12227
3002
6887
-15080
19592
-19343
14385
-5923
-3979
12899
-18704
19932
-16337
8733
965
-10321
17194
-19866
17709
-11241
2039
7663
-15506
19563
-18857
13589
-4993
-4814
13289
-18583
19370
-15434
7737
1818
-10962
17429
-19642
17082
-10378
1126
8375
-15666
19232
-18127
12589
-4023
-5538
13768
-18629
18957
-14674
6830
2688
-11544
17373
-19114
16209
-9356
231
8944
-15958
19080
-17559
11763
-3117
-6299
14178
-18349
18250
-13710
5826
3458
-11909
17474
-18780
15510
-8464
-627
9572
-16189
18597
-16714
10765
-2181
-6914
14327
-18277
17755
-12920
4945
4237
-12393
17510
-18119
14572
-7473
-1432
9999
-16124
18334
-16080
9892
-1324
-7562
14635
-18126
16951
-11916
4001
4898
-12602
17232
-17681
13823
-6594
-2225
10513
-16242
18017
-15156
8898
-497
-8059
14628
-17644
16375
-11105
3143
5576
-12950
17165
-17215
12838
-5637
-2927
10791
-16019
17355
-14471
8057
325
-8606
14807
-17404
15765
-10106
2276
6102
-13021
16745
-16403
12062
-4796
-3643
11193
-16019
16952
-13754
7077
1061
-8935
14654
-16784
14851
-9283
1473
6706
-13251
16563
-15850
11295
-3891
-4227
11313
-15660
16188
-12782
6245
1786
-9392
14715
-16462
14191
-8481
691
7105
-13163
16021
-14975
10287
-3099
-4843
11608
-15543
15709
-12043
5444
2416
-9586
14425
-15746
13241
-7508
-50
7589
-13291
15751
-14382
9509
-2336
-5295
11593
-15063
14870
-11060
4552
3058
-9918
14379
-15325
12559
-6715
-742
7842
-13067
15095
-13458
8542
-1550
-5824
11782
-14867
14328
-10327
3793
3657
-9982
13957
-14550
11592
-5812
-1367
8232
-13092
14753
-12832
7794
-847
-6291
11630
-14279
13457
-9347
2986
4110
-10223
13830
-14075
10894
-5072
-1996
8570
-12751
14027
-11897
6865
-170
-6565
11711
-14004
12886
-8634
2286
4622
-10406
13312
-13242
9946
-4228
-2510
8639
-12678
13624
-11253
6140
454
-6945
11745
-13340
11988
-7722
1563
4958
-10277
13109
-12736
9266
-3548
-3040
8888
-12561
12850
-10336
5300
1015
-7093
11435
-13004
11404
-7016
938
5362
-10381
12854
-11890
8357
-2807
-3436
8838
-12086
12400
-9696
4624
1560
-7374
11390
-12637
10513
-6173
344
5590
-10148
12239
-11360
7703
-2181
-3869
8982
-11908
11941
-8811
3867
2008
-7406
10992
-11910
9930
-5530
-224
5905
-10162
11942
-10819
6861
-1546
-4144
8840
-11371
11137
-8191
3256
2473
-7601
10876
-11511
9338
-4757
-714
6003
-9848
11278
-9981
6237
-991
-4507
8904
-11131
10650
-7591
2588
2811
-7526
10416
-10769
8502
-4155
-1189
6246
-9789
10950
-9441
5641
-456
-4680
8669
-10553
9862
-6776
2040
3189
-7646
10237
-10348
7932
-3587
-1577
6253
-9411
10271
-8639
4897
32
-4951
8670
-10276
9382
-6204
1523
3422
-7493
9735
-9612
7147
-2943
-1977
6409
-9294
9904
-8118
4339
479
-5024
8369
-9670
8619
-5472
992
3730
-7547
9522
-9178
6614
-2430
-2343
6337
-8863
9238
-7361
3690
867
-5228
8312
-9368
8147
-4950
537
3994
-7324
8990
-8474
5885
-1881
-2589
6436
-8709
8862
-6860
3193
1256
-5397
7963
-8762
7430
-4289
106
4100
-7315
8746
-8049
5392
-1429
-2888
6499
-8251
8206
-6165
2619
1554
-5355
7856
-8444
6973
-3806
-282
4303
-7279
8205
-7374
4749
-962
-3051
6321
-8064
7833
-5701
2181
1869
-5468
7725
-7848
6311
-3237
-620
4330
-6984
7940
-6965
4284
-574
-3275
6338
-7850
7209
-5068
1701
2083
-5360
7328
-7520
5879
-2805
-947
4471
-6908
7662
-6333
3717
-208
-3368
6111
-7372
6841
-4640
1313
2330
-5411
7171
-7193
5271
-2315
-1202
4430
-6577
7125
-5942
3308
133
-3534
6079
-7146
6472
-4079
918
2462
-5255
6757
-6620
4868
-1936
-1470
4517
-6465
6841
-5551
2808
421
-3546
5815
-6661
5893
-3684
584
2661
-5259
6572
-6290
4482
-1519
-1650
4414
-6111
6317
-4988
2437
696
-3665
5742
-6424
5538
-3310
265
2727
-5053
6149
-5748
3948
-1190
-1859
4455
-5966
6029
-4623
2089
912
-3619
5445
-5945
4998
-2835
-19
2864
-5018
5946
-5430
3589
-882
-1966
4304
-5593
5520
-4107
1690
1135
-3682
5338
-5690
4662
-2493
-276
2863
-4770
5510
-4913
3118
-566
-2126
4301
-5428
5230
-3770
1384
1335
-3582
5008
-5221
4159
-2086
-491
2954
-4698
5293
-4604
2796
-304
-2258
4099
-5033
4743
-3295
1052
1448
-3604
4874
-4961
3840
-1788
-704
3020
-4412
4853
-4116
2375
-59
-2272
4052
-4845
4458
-2987
791
1599
-3601
4516
-4493
3374
-1435
-852
2931
-4302
4622
-3818
2083
154
-2357
3984
-4433
3983
-2566
519
1647
-3415
4355
-4232
3078
-1179
-1010
2953
-4174
4174
-3358
1721
329
-2304
3714
-4225
3704
-2280
304
1742
-3372
4175
-3769
2649
-890
-1089
2801
-3831
3930
-3073
1465
494
-2338
3610
-4006
3243
-1905
106
1724
-3131
3775
-3505
2376
-673
-1194
2771
-3674
3684
-2638
1157
601
-2217
3290
-3566
2972
-1656
-67
1767
-3043
3575
-3239
1985
-448
-1200
2558
-3291
3223
-2371
942
715
-2200
3147
-3332
2702
-1325
-199
1672
-2744
3141
-2781
1737
-276
-1256
2480
-3101
2966
-2115
690
749
-2007
2777
-2872
2267
-1108
-317
1665
-2611
2919
-2518
1504
-116
-1187
2198
-2676
2500
-1719
517
808
-1939
2595
-2624
2011
-910
-378
1495
-2251
2456
-2066
1171
7
-1184
2073
-2458
2243
-1484
364
763
-1673
2173
-2146
1595
-657
-442
1430
-2075
2210
-1812
968
107
-1034
1721
-1989
1772
-1126
204
767
-1553
1958
-1888
1360
-500
-482
1180
-1651
1720
-1372
687
161
-974
1548
-1746
1517
-922
100
744
-1208
1482
-1398
970
-311
-427
1061
-1437
1461
-1132
526
207
-890
1125
-1239
1050
-607
15
579
-1034
1236
-1138
762
-202
-409
918
-952
946
-712
302
179
-618
906
-975
804
-440
-33
496
-840
712
-641
412
-84
-265
549
-701
680
-496
189
162
-475
670
-436
350
-180
-35
240
-388
440
-387
237
-32
-182
351
-436
152
-108
36
44
-114
155
-160
124
-60
-21
94
-147
162
104
-62
3
55
-101
121
-113
76
-22
-39
88
-118
118
-304
133
69
-256
378
-411
341
-191
-8
203
-350
411
-373
417
-95
-253
538
-693
678
-499
198
150
-463
662
-702
568
-426
-64
536
-881
1008
-893
557
-89
-404
796
-996
952
-679
310
337
-905
1251
-1294
1021
-500
-143
750
-1177
1315
-1135
677
-70
-718
1328
-1617
1511
-1039
312
488
-1172
1568
-1586
1215
-550
-298
1180
-1777
1938
-1631
924
6
-935
1636
-1940
1770
-1171
287
776
-1701
2208
-2181
1621
-668
-449
1454
-2109
2247
-1842
984
108
-1346
2241
-2590
2308
-1466
265
998
-2021
2549
-2458
1771
-651
-628
1974
-2762
2878
-2294
1149
270
-1629
2589
-2919
2538
-1543
167
1244
-2625
3222
-3038
2109
-674
-928
2306
-3122
3176
-2459
1144
450
-1935
3252
-3579
3034
-1752
43
1674
-2988
3572
-3288
2202
-584
-1180
2654
-3811
3789
-2847
1209
718
-2473
3628
-3900
3220
-1758
-131
1987
-3362
4256
-3825
2463
-499
-1583
3278
-4183
4063
-2957
1131
969
-2836
4007
-4546
3655
-1875
-360
2508
-4045
4599
-4034
2481
-333
-1897
3671
-4547
4640
-3262
1095
1340
-3450
4716
-4840
3783
-1805
-610
2877
-4446
4931
-4509
2647
-148
-2398
4351
-5249
4871
-3304
935
1658
-3853
5106
-5122
4135
-1816
-943
3476
-5161
5590
-4662
2595
104
-2773
4770
-5607
5078
-3515
791
2122
-4528
5823
-5705
4194
-1668
-1267
3892
-5571
5895
-4783
2649
397
-3345
5486
-6284
5560
-3476
551
2510
-4961
6200
-5934
4228
-1565
-1699
4548
-6296
6507
-5139
2510
718
-3776
5915
-6618
5705
-3410
297
3060
-5670
6900
-6450
4430
-1335
-2086
4999
-6695
6766
-5187
2345
1113
-4415
6643
-7252
6098
-3458
-23
3494
-6121
7253
-6624
4379
-1076
-2603
5697
-7404
7308
-5436
2237
1503
-4875
7067
-7532
6172
-3301
-365
4106
-6843
7905
-7048
4473
-812
-3050
6169
-7785
7503
-5408
1986
1915
-5561
7775
-8105
6457
-3238
-762
4586
-7293
8218
-7148
4342
-472
-3505
6882
-8450
7963
-5531
1767
2432
-6050
8184
-8329
6446
-3001
-1181
5071
-8005
8806
-7468
4310
-107
-4122
7352
-8791
8089
-5420
1435
2901
-6533
8854
-8808
6615
-2812
-1669
5746
-8433
9062
-7485
4084
302
-4620
7812
-9392
8439
-5437
1100
3490
-7236
9228
-8966
6523
-2498
-2140
6257
-8843
9564
-7693
3944
755
-5279
8511
-9679
8488
-5223
698
3991
-7727
9568
-9347
6570
-2207
-2701
6948
-9502
9748
-7622
3635
1226
-5798
8955
-9935
8721
-5121
285
4637
-8419
10153
-9424
6390
-1810
-3210
7452
-9879
9906
-7707
3383
1756
-6478
9614
-10418
8685
-4837
-196
5165
-8889
10446
-9464
6322
-1425
-3818
8146
-10478
10262
-7548
3000
2278
-7004
10022
-10607
8605
-4614
-693
5823
-9553
10940
-9681
6050
-961
-4372
8637
-10797
10331
-7363
2640
2868
-7680
10628
-10988
8675
-4240
-1213
6374
-9989
11173
-9633
5756
-489
-5021
9299
-11320
10579
-7269
2189
3421
-8202
10981
-11100
8508
-3847
-1777
7047
-10605
11575
-9735
5518
36
-5580
9770
-11580
10572
-6991
1716
4049
-8866
11518
-11372
8457
-3482
-2339
7583
-10997
11718
-9605
5134
567
-6238
10391
-12006
10702
-6794
1232
4631
-9371
11823
-11396
8212
-3017
-2910
8253
-11542
12030
-9586
4805
1129
-6808
10825
-12200
10610
-6446
699
5201
-9999
12274
-11570
8035
-2568
-3535
8788
-11890
12099
-9366
4359
1715
-7368
11394
-12536
10630
-6136
151
5866
-10466
12513
-11516
7714
-2044
-4131
9298
-12366
12299
-9239
3926
2330
-8026
11776
-12656
10452
-5704
-423
6450
-10910
12879
-11575
7455
-1510
-4788
9922
-12657
12296
-8948
3424
2934
-8582
12126
-12897
10372
-5320
-1019
7117
-11477
13049
-11445
7040
-943
-5383
10417
-12901
12402
-8719
2927
3584
-9221
12608
-12937
10113
-4825
-1628
7692
-11883
13182
-11402
6694
-374
-6063
11004
-13274
12318
-8355
2365
4195
-9742
12913
-12951
9933
-4362
-2265
8349
-12395
13428
-11197
6234
251
-6659
11457
-13466
12198
-8045
1812
4857
-10366
13330
-13058
9602
-3818
-2900
8910
-12752
13495
-10949
5799
869
-7321
12007
-13753
12169
-7606
1207
5495
-10858
13571
-12987
9255
-3283
-3566
9545
-13213
13658
-10784
5269
1506
-7924
12415
-13889
11973
-7156
600
6176
-11442
13926
-13016
8941
-2694
-4210
10089
-13510
13655
-10468
4732
2165
-8589
12924
-14108
11863
-6727
-44
6799
-11908
14112
-12886
8520
-2093
-4893
10712
-13919
13740
-10220
4207
2826
-9164
13286
-14160
11605
-6205
-686
7478
-12460
14394
-12833
8145
-1478
-5553
11235
-14176
13663
-9847
3617
3487
-9828
13742
-14326
11413
-5723
-1346
8106
-12890
14525
-12634
7674
-834
-6194
11832
-14527
13690
-9509
3037
4182
-10400
14070
-14319
11083
-5160
-2031
8718
-13413
14755
-12514
7221
-179
-6906
12319
-14730
13555
-9081
2405
4862
-10946
14487
-14411
10824
-4601
-2731
9402
-13798
14827
-12247
6682
494
-7559
12782
-15032
13508
-8701
1761
5587
-11581
14771
-14351
10441
-3997
-3426
10015
-14153
15002
-12067
6187
1185
-8281
13350
-15181
13314
-8191
1095
6261
-12119
15007
-14392
10116
-3397
-4159
10698
-14630
15010
-11736
5598
1888
-8927
13788
-15297
13204
-7753
432
7021
-12746
15372
-14268
9675
-2740
-4859
11282
-14956
14998
-11490
5044
2619
-9658
14335
-15532
12950
-7211
-292
7701
-13252
15574
-14109
9297
-2095
-5615
11978
-15407
15090
-11098
4411
3351
-10298
14737
-15597
12653
-6701
-1006
8458
-13874
15889
-14061
8787
-1396
-6350
12544
-15681
15005
-10694
3793
4120
-11032
15268
-15785
12462
-6090
-1742
9156
-14348
16050
-13838
8269
-695
-7142
13230
-16105
15051
-10341
3114
4867
-11668
15622
-15791
12104
-5473
-2507
9941
-14961
16329
-13733
7785
50
-7871
13783
-16336
14915
-9863
2421
5670
-12417
16132
-15927
11844
-4877
-3276
10621
-15401
16412
-13452
7191
794
-8683
14464
-16712
14897
-9457
1715
6446
-13044
16457
-15863
11431
-4200
-4050
11430
-15985
16661
-13276
6655
1564
-9429
14991
-16895
14694
-8927
969
7203
-13791
16929
-15956
11081
-3541
-4875
12120
-16399
16687
-12917
6012
2366
-10162
15664
-17233
14614
-8435
208
8064
-14388
17203
-15832
10605
-2810
-5679
12782
-16958
16867
-12671
5385
3196
-11006
16149
-17356
14334
-7822
-579
8846
-14962
17633
-15847
10206
-2067
-6555
13584
-17329
16834
-12250
4688
4018
-11750
16602
-17638
14185
-7275
-1394
9734
-15696
17847
-15653
9629
-1289
-7361
14247
-17644
16955
-11919
4001
4899
-12605
17235
-17685
13825
-6596
-2226
10515
-16245
18021
-15588
9151
-511
-8289
15044
-18147
16841
-11421
3233
5735
-13319
17654
-17705
13586
-5965
-3098
11420
-16952
18366
-15314
8526
344
-9107
15670
-18418
16683
-11012
2480
6649
-14188
18246
-17873
13143
-5226
-3969
12196
-17455
18472
-14987
7946
1191
-10031
16452
-18844
16674
-10422
1654
7529
-14877
18595
-17795
12681
-4504
-4892
13094
-18125
18737
-14794
7228
2067
-10870
17031
-19054
16426
-9817
825
8483
-15716
19129
-17879
12282
-3700
-5782
13859
-18557
18756
-14379
6500
2978
-11813
17775
-19403
16316
-9251
-61
9351
-16377
19408
-17722
11717
-2878
-6737
14750
-19166
18920
-14072
5792
3891
-12619
18295
-19498
15979
-8544
-944
10308
-17174
19841
-17689
11227
-2037
-7655
15486
-19541
18833
-13574
4986
4807
-13558
18958
-19763
15745
-7894
-1856
11182
-17782
20039
-17429
10587
-1150
-8545
16331
-20050
18896
-13125
4193
5772
-14355
19420
-19764
15297
-7122
-2803
12033
-18515
20368
-17274
9969
-247
-9532
17005
-20334
18711
-12536
3320
6711
-15109
19992
-19887
14937
-6350
-3769
12975
-19041
20462
-16901
9221
682
-10431
17639
-20727
18626
-11998
2429
7704
-15968
20367
-19788
14397
-5512
-4723
13810
-19515
20657
-16615
8520
1631
-11402
18383
-20904
18332
-11279
1509
8621
-16687
20665
-19777
13902
-4668
-5715
14701
-20105
20627
-16127
7692
2595
-12267
18948
-21021
18096
-10626
592
9622
-17468
21067
-19553
13259
-3754
-6660
15462
-20497
20555
-15693
6889
3577
-13191
19579
-21214
17687
-9849
-398
10518
-18100
21271
-19270
12644
-2849
-7636
16292
-20955
20524
-15094
6000
4557
-14007
20043
-21213
17210
-9069
-1361
11446
-18776
21503
-19029
11892
-1888
-8593
16976
-21221
20306
-14472
5103
5544
-14842
20542
-21237
16766
-8194
-2344
12319
-19304
21594
-18618
11125
-929
-9545
17681
-21522
20114
-13819
4162
6505
-15593
20877
-21103
16176
-7314
-3325
13184
-19841
21656
-18213
10325
67
-10439
18279
-21664
19780
-13080
3211
7456
-16326
21211
-20942
15574
-6412
-4307
13965
-20250
21579
-17687
9455
1044
-11308
18837
-21765
19402
-12316
2234
8395
-16988
21433
-20659
14888
-5470
-5274
14730
-20600
21471
-17109
8576
2016
-12151
19320
-21773
18936
-11504
1248
9283
-17568
21567
-20327
14117
-4511
-6210
15440
-20891
21258
-16456
7660
3014
-12945
19706
-21681
18385
-10612
262
10146
-18101
21642
-19917
13342
-3535
-7145
16082
-21048
20934
-15726
6683
3966
-13660
20044
-21542
17791
-9708
-719
10980
-18570
21568
-19384
12484
-2529
-8018
16616
-21196
20591
-14984
5735
4914
-14372
20308
-21241
17083
-8761
-1678
11722
-18902
21493
-18851
11596
-1552
-8865
17157
-21249
20081
-14117
4739
5803
-14929
20413
-20946
16375
-7812
-2636
12455
-19241
21344
-18138
10649
-595
-9645
17507
-21116
19597
-13290
3762
6674
-15498
20543
-20603
15517
-6813
-3538
13042
-19361
20976
-17490
9738
393
-10401
17897
-21035
19054
-12330
2777
7445
-15887
20431
-20014
14717
-5852
-4445
13657
-19545
20684
-16782
8714
1307
-11001
18044
-20666
18287
-11430
1814
8257
-16316
20394
-19516
13908
-4833
-5249
14051
-19449
20105
-15874
7756
2218
-11664
18275
-20445
17626
-10534
865
8897
-16483
20062
-18751
12881
-3880
-6064
14535
-19463
19671
-15080
6817
3049
-12096
18201
-19868
16707
-9473
-62
9575
-16770
19874
-18147
11999
-2947
-6729
14732
-19141
18896
-14054
5785
3886
-12603
18272
-19474
15959
-8533
-943
10030
-16712
19307
-17212
10925
-1983
-7449
15069
-19014
18326
-13208
4851
4678
-12841
17955
-18717
14912
-7476
-1758
10590
-16841
18978
-16507
10026
-1089
-8093
15037
-18462
17399
-12085
3860
5315
-13217
17881
-18198
14085
-6557
-2581
11080
-16556
18213
-15446
8914
-221
-8524
15206
-18183
16732
-11210
2969
6001
-13511
17343
-17251
12958
-5508
-3269
11255
-16517
17750
-14661
7999
592
-9048
15301
-17422
15656
-10085
2042
6475
-13422
17120
-16633
12102
-4633
-3970
11608
-16404
16806
-13518
6931
1327
-9276
14956
-17007
14915
-9176
1227
7014
-13576
16812
-15555
10934
-3672
-4495
11563
-15813
16223
-12684
6050
2041
-9648
14902
-16533
13742
-8069
450
7307
-13265
15998
-14849
10069
-2851
-5057
11742
-15566
15609
-11492
5045
2619
-9660
14337
-15535
12952
-7212
-292
7702
-13255
15577
-14112
8917
-2009
-5385
11490
-14778
14474
-10645
4231
3214
-9878
14135
-14961
12137
-6151
-923
7763
-12734
14583
-12906
8065
-1281
-5828
11513
-14393
13772
-9815
3324
3610
-9666
13378
-13831
10919
-5336
-1526
8023
-12572
14063
-12125
7245
-580
-5960
11040
-13439
12559
-8629
2598
4061
-9737
13036
-13177
10101
-4567
-1987
7880
-11859
12944
-10886
6171
40
-6239
10925
-12949
11822
-7818
1919
4258
-9324
12114
-11960
8894
-3662
-2460
7975
-11565
12324
-10101
5400
596
-6159
10260
-11855
10567
-6708
1216
4572
-9253
11673
-11252
8109
-2979
-2873
7636
-10679
11130
-8869
4445
1045
-6299
10015
-11287
9816
-5964
647
647
