-64.552310
-64.567269
-64.552310
-64.531484
-64.551919
-64.528741
-64.514924
-64.508331
-64.461424
-64.455132
-64.430814
-64.370757
-64.363082
-64.321701
-64.231732
-64.183148
-64.082624
-63.941265
-64.193740
-64.098444
-63.752982
-63.754388
-63.029921
-63.106178
-57.259912
-57.927827
-62.206078
-57.062779
-53.398930
-58.394779
-62.655044
-60.439229
-52.911574
-52.289550
-56.034322
-75.523405
-52.055813
-51.719288
-73.973727
-80.529604
-67.119462
-71.524538
-61.053989
-59.073583
-54.132755
-51.986467
-61.916667
-52.684583
-48.791524
-65.457842
-66.791111
-62.344554
-51.647059
-57.511370
-68.329112
-69.084221
-61.902528
-59.954121
-65.957084
-68.017494
-66.989497
-67.275281
-66.770762
-66.782590
-66.681940
-66.668755
-66.645958
-66.631234
-66.591134
-66.528092
-66.534647
-66.512184
-66.446772
-66.454823
-66.419829
-66.396099
-66.388325
-66.372379
-66.342078
-66.346407
-66.311207
-66.294084
-66.283986
-66.251678
-66.263106
-66.255712
-66.248969
-66.228113
-66.219645
-66.189379
-66.201948
-66.192546
-66.174838
-66.179169
-66.171236
-66.158414
-66.159075
-66.150656
-66.118356
-66.128819
-66.111338
-66.106433
-66.103870
-66.139450
-66.106446
-66.122588
-66.109992
-66.106531
-66.061157
-66.103761
-66.084220
-66.173594
-65.952793
-66.040008
-66.014949
-66.164057
-66.099213
-66.044782
-65.893604
-66.037383
-66.140116
-65.952002
-65.988836
-65.897789
-65.994547
-65.983902
-66.005797
-65.823261
-66.006104
-65.969458
-65.989257
-65.915622
-65.974269
-65.974319
-65.958111
-65.951430
-65.974886
-65.964336
-65.950906
-65.938749
-65.940222
-65.934310
-65.941134
-65.934565
-65.945172
-65.935062
-65.925973
-65.905435
-65.908227
-65.926231
-65.904003
-65.912474
-65.928344
-65.906216
-65.882157
-65.893497
-65.910174
-65.890720
-65.890513
-65.892059
-65.887053
-65.892065
-65.881209
-65.880493
-65.878548
-65.874157
-65.880882
-65.865971
-65.862771
-65.857207
-65.854089
-65.874253
-65.865543
-65.858434
-65.860466
-65.850557
-65.861043
-65.864013
-65.840354
-65.844328
-65.838368
-65.848668
-65.822588
-65.823369
-65.822801
-65.820755
-65.886253
-65.829501
-65.804170
-65.817937
-65.859916
-65.889324
-65.797230
-65.855141
-65.785217
-65.613343
-65.731166
-65.727174
-65.768367
-65.762128
-65.700366
-65.592212
-65.736904
-65.863048
-65.783880
-65.860821
-65.750399
-65.742509
-65.769821
-65.786076
-65.759798
-65.728609
-65.755041
-65.739262
-65.746380
-65.749924
-65.742577
-65.726797
-65.750171
-65.740184
-65.746964
-65.734327
-65.716606
-65.716748
-65.733867
-65.712459
-65.724393
-65.723624
-65.713048
-65.702101
-65.716265
-65.696178
-65.697309
-65.713462
-65.694374
-65.686427
-65.674734
-65.696102
-65.680107
-65.685019
-65.670650
-65.679140
-65.672161
-65.663160
-65.656301
-65.667848
-65.660481
-65.655581
-65.661983
-65.652599
-65.650356
-65.652597
-65.648864
-65.633940
-65.630921
-65.646729
-65.628543
-65.642422
-65.628353
-65.634218
-65.596353
-65.610123
-65.625085
-65.607863
-65.632932
-65.644303
-65.573651
-65.588251
-65.579654
-65.757655
-65.488120
-65.547265
-65.398131
-65.529138
-65.754323
-65.738689
-65.493555
-65.539471
-65.727508
-65.612564
-65.766691
-65.605002
-65.589173
-65.640276
-65.630366
-65.425953
-65.540623
-65.541395
-65.573725
-65.451252
-65.526450
-65.511495
-65.518117
-65.520447
-65.509823
-65.500848
-65.504419
-65.503628
-65.505580
-65.499218
-65.482548
-65.498660
-65.484145
-65.474280
-65.482212
-65.489795
-65.474984
-65.467951
-65.464944
-65.461407
-65.467976
-65.451930
-65.456654
-65.449489
-65.440911
-65.441288
-65.443206
-65.430157
-65.414963
-65.433462
-65.423871
-65.395869
-65.417679
-65.412549
-65.420609
-65.406517
-65.398734
-65.405481
-65.393320
-65.385431
-65.384438
-65.384718
-65.368237
-65.374355
-65.372345
-65.358003
-65.367507
-65.349778
-65.341693
-65.326801
-65.323784
-65.337266
-65.312437
-65.386822
-65.344074
-65.315014
-65.294409
-65.270737
-65.513195
-65.209555
-65.301238
-64.999245
-64.987828
-65.386347
-65.451462
-65.253334
-65.188940
-65.330692
-65.211279
-65.609167
-65.493344
-65.332221
-65.448220
-65.343139
-65.207406
-65.280671
-65.268770
-65.350083
-65.176955
-65.243992
-65.236120
-65.242451
-65.233409
-65.243672
-65.216127
-65.224596
-65.204897
-65.201134
-65.207631
-65.200167
-65.186350
-65.189945
-65.197816
-65.184302
-65.165268
-65.177517
-65.164866
-65.157920
-65.160045
-65.157170
-65.169182
-65.140806
-65.121744
-65.136284
-65.134501
-65.121340
-65.122593
-65.124666
-65.114742
-65.116657
-65.104161
-65.108801
-65.098628
-65.089603
-65.078644
-65.093416
-65.077561
-65.091782
-65.067078
-65.081561
-65.059655
-65.065438
-65.043699
-65.061091
-65.033897
-65.045856
-65.024044
-65.015082
-65.026980
-65.024223
-65.017472
-65.002104
-64.981322
-65.008634
-64.998604
-64.975488
-65.013253
-64.942198
-65.014460
-64.964531
-65.058406
-65.077041
-64.960019
-64.935283
-64.949488
-64.963791
-64.957821
-64.974568
-64.830130
-64.837854
-64.907195
-64.864148
-64.887278
-64.906250
-64.871055
-64.877438
-64.855882
-64.877373
-64.855611
-64.871229
-64.850244
-64.835939
-64.856215
-64.841808
-64.832737
-64.833110
-64.830167
-64.816797
-64.823336
-64.794567
-64.793305
-64.801068
-64.790325
-64.796689
-64.794575
-64.785749
-64.771324
-64.771989
-64.761610
-64.765443
-64.745534
-64.752544
-64.733277
-64.726572
-64.725934
-64.719441
-64.708440
-64.710044
-64.704630
-64.702925
-64.691505
-64.676677
-64.685471
-64.674978
-64.668424
-64.661265
-64.656930
-64.659988
-64.643478
-64.622926
-64.644058
-64.629027
-64.615581
-64.612092
-64.637814
-64.616952
-64.612330
-64.591405
-64.557216
-64.579455
-64.527622
-64.534277
-64.608476
-64.572389
-64.512348
-64.374482
-64.731785
-64.561456
-64.705907
-64.467703
-64.194983
-64.353080
-64.571830
-64.465472
-64.292359
-64.427165
-64.214403
-64.455130
-64.494602
-64.416459
-64.504207
-64.626145
-64.455954
-64.430054
-64.412867
-64.561235
-64.427124
-64.431930
-64.391208
-64.409933
-64.388848
-64.389744
-64.379433
-64.372535
-64.360569
-64.354460
-64.348185
-64.358428
-64.351516
-64.324583
-64.322009
-64.319168
-64.313086
-64.299182
-64.292212
-64.290311
-64.286606
-64.275029
-64.278663
-64.269242
-64.260544
-64.258596
-64.262798
-64.229301
-64.230858
-64.218739
-64.189466
-64.211841
-64.210137
-64.191843
-64.170956
-64.180112
-64.185779
-64.174155
-64.165077
-64.145327
-64.138085
-64.128625
-64.120126
-64.124162
-64.111354
-64.104629
-64.089642
-64.091269
-64.074825
-64.069810
-64.066517
-64.058130
-64.048483
-64.043237
-64.079434
-64.036466
-64.003456
-64.008674
-64.115798
-64.015028
-64.000403
-63.971029
-63.984633
-63.967018
-64.003019
-63.886779
-63.919857
-64.018504
-63.921311
-63.895300
-63.893923
-63.944518
-63.931413
-63.965686
-63.825097
-63.856458
-63.874270
-63.882547
-63.833814
-63.834346
-63.822517
-63.816176
-63.815586
-63.814096
-63.800937
-63.783410
-63.791684
-63.776469
-63.776676
-63.764540
-63.760764
-63.755181
-63.733965
-63.730410
-63.724131
-63.716299
-63.708225
-63.703008
-63.702728
-63.692647
-63.675881
-63.668859
-63.655650
-63.654473
-63.644948
-63.638560
-63.623856
-63.610056
-63.602994
-63.606928
-63.601584
-63.593397
-63.572825
-63.568274
-63.567718
-63.545576
-63.542518
-63.542868
-63.527178
-63.506396
-63.500091
-63.501798
-63.494548
-63.474064
-63.472262
-63.462327
-63.446003
-63.456810
-63.469281
-63.428210
-63.413849
-63.414916
-63.341499
-63.434738
-63.421633
-63.384510
-63.356876
-63.312501
-63.498985
-63.386519
-63.602464
-63.566315
-63.179400
-63.219138
-63.243062
-63.289561
-63.288102
-63.289911
-62.906525
-62.996341
-63.199547
-63.093301
-63.253663
-63.228427
-63.158114
-63.158958
-63.133244
-63.235705
-63.142602
-63.148771
-63.105592
-63.097985
-63.111286
-63.105222
-63.089428
-63.092070
-63.079654
-63.055756
-63.058476
-63.046156
-63.030893
-63.029948
-63.017211
-63.009887
-62.992143
-62.982484
-62.996986
-62.958844
-62.942158
-62.954434
-62.932834
-62.916222
-62.920278
-62.903927
-62.895870
-62.883070
-62.870362
-62.848393
-62.846259
-62.841515
-62.828553
-62.813663
-62.816573
-62.797184
-62.788602
-62.774525
-62.775346
-62.751421
-62.749596
-62.735719
-62.731933
-62.719544
-62.708332
-62.697505
-62.677883
-62.682719
-62.666520
-62.678597
-62.669299
-62.657334
-62.700432
-62.711505
-62.470842
-62.572878
-62.640208
-62.857095
-62.173496
-62.444137
-62.415130
-62.683058
-62.510734
-62.462849
-62.095575
-62.593733
-62.761732
-62.185738
-62.302701
-62.287160
-62.525284
-62.382817
-62.357945
-61.899060
-62.415942
-62.370647
-62.346595
-62.128734
-62.319226
-62.336429
-62.280711
-62.277664
-62.282020
-62.248049
-62.247771
-62.242931
-62.205077
-62.212371
-62.193295
-62.167185
-62.169670
-62.165766
-62.135662
-62.115611
-62.115513
-62.112212
-62.095494
-62.081099
-62.057728
-62.054164
-62.034830
-62.024875
-62.011435
-62.000667
-61.974755
-61.990666
-61.961811
-61.945019
-61.947900
-61.928553
-61.917330
-61.895319
-61.899060
-61.865471
-61.868501
-61.840008
-61.830347
-61.824747
-61.808786
-61.784021
-61.792624
-61.772709
-61.750988
-61.731904
-61.733746
-61.705210
-61.691824
-61.683995
-61.670611
-61.663809
-61.644926
-61.628142
-61.671166
-61.603905
-61.574950
-61.578095
-61.667653
-61.577739
-61.514387
-61.529931
-61.477592
-61.352105
-61.452426
-61.369673
-61.428428
-61.463212
-61.341026
-61.245289
-61.361539
-61.468112
-61.398415
-61.440929
-61.269565
-61.298125
-61.310044
-61.320251
-61.255940
-61.221141
-61.242558
-61.223298
-61.212111
-61.207961
-61.182491
-61.160844
-61.154275
-61.129308
-61.128145
-61.115141
-61.085688
-61.072410
-61.061452
-61.044480
-61.032670
-61.023350
-61.004505
-60.983172
-60.974554
-60.956945
-60.920819
-60.922014
-60.903693
-60.893080
-60.875350
-60.864382
-60.837738
-60.832578
-60.809806
-60.790325
-60.769651
-60.758734
-60.740853
-60.718383
-60.705295
-60.688852
-60.682903
-60.654625
-60.644731
-60.630718
-60.610855
-60.594755
-60.581223
-60.551167
-60.542056
-60.524139
-60.506843
-60.491925
-60.463529
-60.453219
-60.438360
-60.420439
-60.403020
-60.382081
-60.365682
-60.347602
-60.340019
-60.284603
-60.299554
-60.278527
-60.260792
-60.225488
-60.230466
-60.212445
-60.207292
-60.177207
-60.138786
-60.130041
-60.129557
-60.110401
-60.079748
-60.055321
-60.033090
-60.036260
-60.003416
-59.992157
-59.962894
-59.957322
-59.933180
-59.918646
-59.899633
-59.877700
-59.851060
-59.848519
-59.814751
-59.799314
-59.774988
-59.763285
-59.742770
-59.717681
-59.701571
-59.685072
-59.661801
-59.645451
-59.620689
-59.604066
-59.580418
-59.555628
-59.546343
-59.527885
-59.498966
-59.477139
-59.455345
-59.433714
-59.426515
-59.387937
-59.373444
-59.355147
-59.332486
-59.309369
-59.294542
-59.269353
-59.248917
-59.234500
-59.200195
-59.181419
-59.167286
-59.140412
-59.123903
-59.103655
-59.075366
-59.053456
-59.037618
-59.014416
-58.992889
-58.972388
-58.942139
-58.914663
-58.889449
-58.890536
-58.858046
-58.879513
-58.733142
-58.773217
-58.766946
-58.770633
-58.616016
-58.596204
-58.634364
-58.535047
-58.473433
-58.661413
-58.553175
-58.644424
-58.566442
-58.413184
-58.464710
-58.657321
-58.610585
-58.398603
-58.430840
-58.234278
-58.371796
-58.338224
-58.306269
-58.248679
-58.218999
-58.242423
-58.193806
-58.192522
-58.164808
-58.113679
-58.090359
-58.065287
-58.040824
-58.008593
-57.989483
-57.959543
-57.938109
-57.902920
-57.875977
-57.852527
-57.828749
-57.796219
-57.772097
-57.744901
-57.715754
-57.692280
-57.665418
-57.637602
-57.604114
-57.580512
-57.552586
-57.526571
-57.499255
-57.469178
-57.441759
-57.415774
-57.382739
-57.356656
-57.331146
-57.296769
-57.265270
-57.233704
-57.215309
-57.176538
-57.147687
-57.122888
-57.092904
-57.060645
-57.033808
-56.997763
-56.973722
-56.941420
-56.914071
-56.875222
-56.846596
-56.813801
-56.785785
-56.746968
-56.709749
-56.705521
-56.659056
-56.624513
-56.573510
-56.595249
-56.549482
-56.512680
-56.469755
-56.451049
-56.402077
-56.404451
-56.325260
-56.280064
-56.296370
-56.254224
-56.185149
-56.129198
-56.132562
-56.094596
-56.106169
-56.024128
-55.989937
-55.950356
-55.940703
-55.892648
-55.849237
-55.818320
-55.777534
-55.745047
-55.706839
-55.667342
-55.639939
-55.597816
-55.554152
-55.521524
-55.486628
-55.451801
-55.412990
-55.374345
-55.336263
-55.300784
-55.257191
-55.220481
-55.179797
-55.141549
-55.103413
-55.062918
-55.019921
-54.982138
-54.939752
-54.895077
-54.862541
-54.815138
-54.777697
-54.734854
-54.690104
-54.655823
-54.609460
-54.569473
-54.521391
-54.484030
-54.437685
-54.395897
-54.346479
-54.305807
-54.261590
-54.218884
-54.178337
-54.128794
-54.087788
-54.038085
-53.994356
-53.951565
-53.907042
-53.851772
-53.802407
-53.758926
-53.707103
-53.694881
-53.608218
-53.560902
-53.516842
-53.490114
-53.435878
-53.351355
-53.329431
-53.235837
-53.127228
-53.149450
-53.091359
-53.054570
-53.006167
-52.922885
-52.834022
-52.869432
-52.852841
-52.753354
-52.732356
-52.617108
-52.572782
-52.531597
-52.477326
-52.415236
-52.342884
-52.298803
-52.231801
-52.184481
-52.127739
-52.061404
-52.005807
-51.946108
-51.881231
-51.827226
-51.762041
-51.699862
-51.640878
-51.572044
-51.511567
-51.447661
-51.382627
-51.316276
-51.251513
-51.185603
-51.121193
-51.053613
-50.986133
-50.914223
-50.849199
-50.776090
-50.709065
-50.640001
-50.566808
-50.494809
-50.423944
-50.349261
-50.277966
-50.203979
-50.127088
-50.054704
-49.983067
-49.900729
-49.827658
-49.752514
-49.672943
-49.599083
-49.514889
-49.416659
-49.368289
-49.307319
-49.238523
-49.207622
-49.199361
-49.510070
-48.519711
-47.883484
-48.548867
-47.192143
-47.537585
-48.923148
-48.303361
-47.882369
-45.605329
-50.528709
-48.130503
-49.561568
-47.167626
-45.836938
-46.809689
-47.334341
-47.162974
-47.451361
-47.148803
-48.099948
-46.714704
-46.186133
-46.935912
-45.729059
-44.081356
-45.957757
-45.943883
-46.146436
-43.672786
-45.350817
-45.171608
-45.381198
-44.903260
-44.708192
-44.595148
-44.536933
-44.374460
-44.249805
-44.088476
-43.931285
-43.772821
-43.610875
-43.441543
-43.271869
-43.099091
-42.914611
-42.733546
-42.542291
-42.349380
-42.150830
-41.945530
-41.733913
-41.519991
-41.297833
-41.066549
-40.832974
-40.589109
-40.336314
-40.079021
-39.809339
-39.529663
-39.241020
-38.941134
-38.620164
-38.298697
-37.953908
-37.591997
-37.208109
-36.800444
-36.369004
-35.868946
-35.374599
-35.348139
-34.446583
-33.919706
-32.864263
-31.983214
-29.096797
-22.198060
-26.001869
-31.577371
-27.952515
-18.431284
-11.630968
-21.882942
-24.977041
-21.235135
-5.376022
-7.101797
-17.498453
-3.552839
-5.852748
-4.957775
-7.679915
-8.889917
-16.817953
-7.079983
-19.780094
0.000000
-4.254179
-20.045007
-11.390541
-6.804186
-9.614058
-21.501746
-24.983605
-17.062695
-13.304030
-19.273814
-28.562616
-21.086979
-22.153595
-34.038155
-33.567628
-35.248624
-35.524302
-36.351958
-36.814998
-36.498044
-37.125513
-37.700973
-38.110945
-38.508831
-38.869451
-39.212866
-39.539684
-39.851780
-40.157334
-40.439188
-40.716821
-40.982753
-41.241526
-41.490293
-41.732474
-41.967235
-42.194650
-42.416056
-42.630891
-42.842032
-43.044506
-43.246947
-43.441749
-43.628686
-43.817701
-44.000805
-44.178291
-44.349134
-44.525517
-44.691132
-44.858942
-45.019252
-45.177467
-45.332973
-45.485754
-45.634579
-45.782964
-45.928065
-46.075759
-46.216385
-46.347650
-46.487230
-46.613453
-46.758434
-46.886353
-47.018661
-47.142428
-47.240341
-47.411408
-47.511195
-47.677324
-47.806874
-47.850914
-47.959341
-48.092262
-48.217416
-48.317668
-48.444304
-48.471107
-48.588248
-48.736096
-48.815243
-48.940619
-49.059284
-49.155186
-49.250044
-49.337012
-49.466555
-49.548965
-49.648196
-49.734454
-49.831806
-49.926462
-50.020153
-50.107689
-50.197723
-50.285344
-50.377432
-50.462938
-50.553807
-50.636820
-50.722513
-50.812350
-50.892884
-50.975709
-51.054600
-51.136834
-51.222104
-51.297991
-51.374532
-51.454269
-51.536534
-51.611924
-51.690588
-51.762792
-51.840677
-51.919579
-51.990644
-52.066227
-52.136176
-52.208737
-52.281593
-52.354390
-52.422181
-52.494397
-52.566376
-52.634300
-52.703779
-52.771552
-52.843479
-52.907634
-52.974523
-53.039907
-53.108550
-53.174481
-53.237574
-53.302301
-53.380388
-53.442293
-53.496201
-53.567878
-53.593149
-53.685848
-53.755009
-53.813547
-53.861563
-53.870017
-54.015642
-54.028393
-54.202948
-54.351291
-54.252122
-54.287543
-54.355160
-54.440526
-54.506527
-54.628651
-54.496931
-54.516325
-54.655866
-54.654237
-54.772387
-54.860956
-54.895275
-54.943844
-54.976841
-55.088701
-55.118442
-55.180663
-55.222684
-55.266009
-55.321548
-55.381836
-55.427556
-55.482791
-55.533974
-55.584516
-55.636494
-55.690235
-55.737997
-55.797705
-55.844106
-55.886171
-55.941083
-55.988304
-56.039907
-56.082290
-56.130915
-56.179505
-56.230389
-56.275738
-56.322254
-56.372267
-56.420877
-56.467031
-56.509853
-56.557922
-56.604233
-56.649202
-56.697019
-56.742604
-56.788546
-56.834372
-56.880514
-56.923002
-56.973205
-57.014739
-57.054068
-57.095037
-57.143959
-57.186375
-57.233638
-57.272120
-57.310485
-57.359364
-57.403940
-57.442581
-57.494587
-57.530294
-57.575390
-57.623075
-57.649983
-57.694796
-57.733859
-57.817658
-57.788014
-57.852255
-57.862229
-57.962096
-58.050133
-58.053201
-58.040045
-58.098882
-58.187682
-58.186637
-58.266760
-58.245168
-58.285558
-58.345044
-58.359645
-58.368520
-58.451218
-58.478241
-58.523029
-58.532756
-58.596538
-58.636872
-58.670935
-58.712646
-58.747723
-58.789332
-58.826313
-58.866472
-58.903413
-58.938836
-58.972131
-59.001209
-59.045184
-59.081047
-59.118031
-59.157578
-59.196738
-59.219080
-59.256127
-59.301894
-59.329618
-59.364788
-59.401835
-59.436458
-59.469210
-59.507425
-59.543613
-59.580044
-59.608209
-59.643373
-59.676900
-59.709093
-59.747331
-59.775450
-59.819628
-59.854371
-59.885103
-59.915423
-59.942896
-59.982361
-60.020014
-60.050666
-60.081904
-60.117679
-60.143123
-60.183493
-60.204158
-60.239700
-60.279522
-60.318596
-60.345915
-60.350832
-60.402642
-60.397625
-60.587419
-60.508151
-60.523421
-60.541219
-60.716519
-60.747413
-60.674085
-60.816584
-60.856947
-60.580058
-60.743356
-60.654777
-60.783067
-60.940091
-60.839995
-60.599327
-60.749996
-61.051034
-60.978519
-61.230755
-61.002423
-61.069184
-61.134694
-61.183187
-61.215906
-61.167297
-61.243032
-61.238116
-61.275309
-61.336494
-61.365660
-61.387643
-61.404725
-61.453765
-61.479314
-61.498671
-61.542750
-61.569236
-61.594489
-61.615522
-61.649608
-61.681996
-61.705804
-61.732561
-61.771538
-61.795326
-61.822350
-61.852028
-61.870424
-61.905099
-61.925318
-61.959352
-61.982435
-62.008050
-62.039384
-62.064660
-62.088286
-62.125243
-62.137980
-62.171142
-62.205256
-62.228463
-62.256270
-62.290227
-62.307931
-62.334910
-62.357043
-62.387522
-62.417078
-62.447276
-62.464245
-62.480861
-62.528631
-62.538466
-62.554451
-62.588922
-62.624399
-62.627651
-62.688224
-62.733665
-62.692167
-62.746652
-62.736487
-62.939321
-62.777508
-62.840401
-62.733058
-62.855917
-63.031994
-63.083840
-62.922674
-62.958142
-63.142513
-63.095862
-63.249497
-63.137639
-63.140812
-63.224423
-63.276642
-63.120326
-63.227081
-63.261599
-63.327575
-63.256762
-63.318838
-63.351474
-63.392140
-63.398614
-63.420552
-63.461155
-63.475576
-63.493492
-63.517919
-63.530922
-63.567673
-63.585095
-63.605679
-63.631951
-63.652499
-63.677230
-63.715719
-63.739904
-63.754771
-63.776581
-63.800339
-63.797884
-63.850711
-63.871576
-63.905155
-63.911730
-63.940747
-63.964818
-63.992429
-64.011212
-64.036462
-64.049887
-64.072906
-64.096473
-64.114710
-64.138882
-64.171437
-64.188188
-64.216990
-64.241418
-64.259958
-64.282689
-64.307488
-64.314021
-64.345696
-64.369309
-64.388123
-64.415947
-64.432379
-64.445059
-64.502893
-64.493626
-64.523760
-64.563833
-64.569990
-64.551802
-64.604817
-64.656124
-64.620346
-64.653845
-64.651809
-64.703194
-64.752409
-64.765094
-64.764445
-64.805584
-64.847182
-64.838265
-64.880880
-64.890222
-64.929291
-64.949446
-64.942608
-64.930316
-64.954978
-65.015321
-65.046892
-65.024910
-65.065611
-65.097042
-65.106745
-65.134628
-65.162296
-65.164302
-65.198565
-65.241680
-65.239522
-65.262467
-65.292191
-65.291479
-65.324954
-65.335607
-65.354275
-65.379411
-65.392507
-65.417910
-65.448637
-65.472340
-65.476368
-65.507608
-65.515327
-65.551774
-65.556638
-65.591429
-65.617866
-65.621677
-65.631355
-65.662777
-65.680364
-65.702464
-65.712235
-65.742486
-65.766172
-65.785781
-65.792710
-65.826010
-65.819399
-65.870475
-65.872672
-65.895584
-65.909733
-65.930313
-65.950854
-65.979494
-65.992527
-66.006167
-66.032159
-66.042577
-66.074988
-66.078320
-66.101975
-66.118080
-66.133323
-66.165124
-66.198365
-66.201063
-66.163259
-66.308327
-66.241687
-66.339370
-66.270691
-66.164158
-66.285972
-66.361353
-66.384360
-66.304648
-66.370749
-66.308076
-66.471010
-66.475702
-66.463599
-66.541002
-66.554998
-66.538219
-66.579688
-66.554902
-66.626938
-66.617951
-66.636843
-66.626521
-66.662982
-66.688137
-66.701093
-66.717838
-66.734833
-66.752613
-66.779107
-66.780283
-66.818596
-66.840456
-66.859800
-66.849133
-66.877651
-66.904873
-66.904108
-66.945657
-66.944443
-66.968577
-67.004128
-67.012213
-67.039621
-67.054753
-67.067698
-67.074495
-67.088944
-67.104688
-67.119429
-67.142409
-67.154860
-67.191875
-67.186472
-67.207370
-67.225246
-67.262092
-67.258117
-67.284545
-67.302535
-67.326461
-67.336798
-67.346550
-67.358532
-67.380211
-67.393349
-67.414682
-67.439343
-67.464320
-67.459418
-67.495673
-67.514268
-67.522931
-67.573388
-67.620786
-67.538000
-67.608166
-67.611822
-67.817486
-67.533144
-67.602709
-67.538520
-67.778677
-67.861009
-67.853698
-67.592974
-67.746634
-67.987397
-67.808332
-67.875854
-67.756369
-67.853277
-67.893870
-67.967318
-67.688310
-67.873465
-67.923921
-67.939490
-67.855757
-67.924260
-67.993841
-67.979559
-67.993121
-68.023099
-68.033295
-68.064555
-68.060511
-68.092208
-68.112190
-68.131584
-68.142840
-68.142590
-68.164814
-68.174470
-68.196912
-68.223464
-68.254447
-68.243639
-68.266026
-68.253594
-68.292686
-68.303305
-68.342592
-68.348420
-68.394088
-68.369988
-68.391780
-68.416506
-68.435658
-68.450062
-68.455950
-68.473528
-68.480729
-68.513378
-68.531465
-68.519386
-68.572818
-68.583283
-68.586030
-68.613156
-68.614116
-68.646179
-68.650902
-68.676576
-68.667964
-68.714986
-68.704695
-68.743745
-68.800473
-68.798242
-68.724097
-68.802243
-68.644454
-68.879054
-68.897582
-68.875444
-68.796824
-68.760164
-69.245708
-69.063314
-69.582635
-69.441522
-68.561855
-68.718744
-68.919586
-68.985367
-68.955792
-69.008273
-68.261150
-68.532714
-69.008765
-68.812254
-69.204612
-69.240062
-69.087139
-69.082153
-69.108119
-69.325638
-69.129510
-69.196843
-69.162710
-69.156817
-69.223512
-69.231963
-69.262262
-69.273419
-69.302525
-69.314834
-69.283660
-69.309778
-69.355556
-69.373184
-69.369383
-69.398683
-69.411910
-69.415630
-69.428860
-69.464275
-69.457148
-69.466260
-69.484594
-69.498444
-69.519947
-69.541823
-69.544999
-69.563355
-69.544391
-69.591701
-69.606571
-69.640425
-69.603986
-69.632918
-69.673547
-69.681444
-69.670700
-69.703716
-69.725237
-69.742685
-69.742587
-69.787617
-69.777407
-69.823290
-69.816959
-69.797204
-69.858578
-69.863557
-69.865118
-69.920093
-69.949576
-69.930685
-69.990789
-69.966652
-69.789047
-69.978946
-70.042794
-70.183217
-69.557840
-69.983938
-69.959075
-70.328197
-70.192958
-69.986607
-69.717432
-70.275309
-70.386960
-69.819173
-70.086755
-69.927007
-70.142291
-70.060237
-70.058053
-69.732537
-70.360376
-70.280225
-70.207986
-70.028907
-70.326093
-70.324192
-70.293243
-70.326104
-70.357318
-70.338867
-70.364598
-70.345888
-70.379299
-70.394110
-70.412623
-70.411232
-70.424594
-70.431096
-70.429621
-70.453562
-70.461627
-70.471369
-70.511720
-70.498950
-70.533694
-70.532643
-70.544969
-70.567300
-70.558326
-70.609057
-70.617331
-70.643918
-70.638030
-70.646115
-70.679274
-70.686327
-70.676268
-70.686932
-70.711652
-70.708094
-70.711659
-70.719769
-70.768845
-70.789152
-70.779438
-70.802647
-70.815969
-70.822423
-70.844175
-70.872871
-70.834111
-70.925207
-70.862372
-70.925026
-70.908884
-70.889893
-70.937984
-70.895094
-70.946198
-71.012795
-70.993038
-70.994983
-70.924759
-71.166620
-71.088384
-71.144402
-70.988168
-70.891966
-71.050145
-71.201901
-71.068777
-70.988367
-71.164870
-71.053212
-71.185397
-71.212347
-71.175162
-71.214913
-71.386674
-71.223116
-71.222427
-71.277048
-71.350933
-71.250083
-71.286735
-71.304804
-71.277201
-71.326569
-71.311380
-71.354074
-71.366758
-71.384175
-71.385722
-71.416095
-71.393836
-71.414401
-71.457852
-71.458008
-71.443703
-71.484749
-71.518783
-71.509264
-71.499012
-71.493941
-71.530065
-71.562040
-71.535149
-71.558674
-71.605514
-71.589852
-71.577292
-71.616004
-71.627136
-71.615610
-71.653131
-71.691619
-71.671129
-71.680934
-71.727748
-71.727850
-71.694239
-71.705264
-71.746031
-71.775472
-71.805700
-71.767210
-71.785913
-71.765502
-71.805760
-71.828407
-71.823155
-71.842491
-71.878752
-71.871578
-71.879266
-71.896835
-71.879979
-71.836182
-71.925474
-71.892693
-71.990665
-71.935933
-71.894825
-72.020560
-71.930495
-71.945675
-72.096966
-72.065566
-72.091497
-72.092736
-72.068714
-72.085711
-72.211455
-72.193725
-72.078157
-72.141962
-72.069660
-72.193673
-72.164482
-72.182208
-72.175780
-72.161568
-72.198238
-72.224732
-72.253349
-72.228256
-72.235516
-72.284182
-72.277909
-72.283596
-72.267667
-72.301206
-72.294166
-72.316401
-72.317695
-72.357545
-72.366161
-72.338325
-72.394367
-72.397964
-72.400024
-72.427192
-72.428105
-72.407289
-72.429542
-72.456866
-72.430623
-72.509211
-72.495736
-72.476468
-72.503644
-72.540008
-72.520092
-72.542236
-72.548111
-72.531669
-72.579223
-72.588137
-72.591315
-72.581955
-72.614502
-72.617625
-72.644060
-72.646703
-72.628227
-72.659069
-72.699718
-72.684991
-72.728013
-72.739714
-72.743945
-72.803390
-72.757317
-72.682329
-72.797595
-72.591777
-72.898051
-72.891779
-72.836097
-72.859199
-72.613450
-73.435176
-72.965454
-73.810428
-73.476778
-72.080881
-72.379841
-72.714831
-72.916758
-72.669718
-72.746125
-71.619793
-72.218350
-72.969047
-72.523426
-73.102721
-73.078254
-72.910920
-72.893781
-72.814324
-73.281653
-72.946288
-73.020667
-72.883027
-72.959347
-73.045607
-73.024197
-73.047714
-73.025891
-73.053703
-73.095842
-73.108553
-73.079348
-73.082692
-73.134570
-73.070569
-73.094340
-73.112760
-73.116088
-73.138012
-73.163214
-73.163714
-73.146505
-73.167903
-73.187917
-73.181697
-73.200963
-73.217951
-73.213300
-73.246876
-73.233935
-73.288057
-73.228905
-73.270784
-73.276143
-73.232913
-73.277736
-73.315232
-73.291987
-73.301049
-73.300982
-73.322587
-73.317366
-73.297247
-73.372452
-73.347797
-73.361482
-73.357077
-73.384262
-73.414151
-73.376540
-73.340205
-73.425496
-73.411971
-73.603725
-73.095336
-73.388765
-73.395417
-73.685948
-73.053479
-73.056133
-73.306532
-72.981344
-72.506583
-73.431220
-73.092991
-73.825864
-73.589619
-72.911703
-73.053982
-74.092934
-74.383729
-73.542600
-73.832580
-72.868486
-73.699618
-73.591877
-73.611526
-73.469699
-73.411647
-73.578774
-73.527517
-73.568260
-73.603114
-73.573097
-73.509136
-73.546117
-73.520351
-73.499383
-73.507483
-73.546466
-73.504949
-73.485102
-73.497023
-73.474148
-73.465569
-73.479960
-73.452240
-73.492695
-73.458126
-73.439548
-73.446026
-73.429308
-73.366899
-73.341263
-73.415371
-73.318022
-73.345645
-73.318895
-73.238202
-73.220827
-73.256506
-73.170308
-73.188488
-73.162204
-73.053463
-73.055782
-73.033558
-72.927274
-72.907839
-72.850740
-72.709364
-72.755268
-72.589077
-72.546992
-72.147203
-72.152740
-70.844788
-70.635685
-70.548142
-71.853984
-70.152556
-67.722037
-59.581930
-69.616082
-76.984442
-71.901893
-60.051621
-59.585473
-75.463089
-68.165139
-66.457767
-63.125309
-77.044136
-72.872432
-72.277934
-70.566349
-67.028141
-61.774198
-71.740907
-64.201335
-87.223427
-63.738109
-57.887165
-70.624656
-78.338276
-89.127944
-61.360937
-63.570831
-76.224164
-68.029263
-79.240133
-79.205578
-83.327709
-78.575931
-78.212765
-77.534928
-77.069797
-76.727166
-76.989324
-76.777448
-76.651053
-76.512363
-76.378265
-76.357145
-76.204779
-76.094531
-76.177540
-76.012834
-75.895118
-75.914327
-75.856375
-75.681174
-75.725395
-75.624488
-75.511309
-75.520311
-75.405176
-75.360257
-75.335061
-75.197526
-75.132378
-75.135606
-75.000315
-74.919382
-74.847391
-74.657462
-74.562203
-74.442455
-74.275435
-73.958077
-73.892708
-73.707404
-74.168421
-72.980203
-73.299211
-69.187094
-65.430496
-65.608856
-61.164924
-70.935703
-57.932843
-51.309596
-65.538648
-81.666329
-68.864528
-49.869857
-52.139716
-69.898590
-56.305276
-61.831468
-52.522551
-64.393957
-68.108739
-95.367027
-69.311091
-65.308017
-52.943762
-62.502724
-56.309418
-70.008243
-52.206436
-50.053474
-69.236745
-81.349034
-65.379950
-51.447608
-58.315219
-70.912216
-61.702088
-66.000813
-65.153936
-68.730256
-72.549878
-72.242038
-73.396924
-73.139408
-73.328417
-73.396856
-73.717454
-73.841053
-73.981907
-74.136659
-74.272949
-74.355658
-74.538591
-74.622915
-74.643134
-74.785436
-74.817606
-74.879497
-74.945510
-75.014195
-75.039302
-75.147627
-75.178663
-75.275924
-75.306595
-75.322105
-75.363742
-75.397131
-75.420947
-75.438621
-75.509832
-75.459164
-75.565589
-75.612844
-75.628557
-75.619895
-75.683870
-75.744140
-75.732141
-75.773337
-75.805230
-75.772804
-75.872351
-75.942185
-75.913619
-75.765197
-75.884377
-75.727092
-76.399414
-76.037605
-76.049292
-76.007714
-76.341281
-76.723727
-76.142284
-76.982879
-76.803326
-75.021024
-75.651610
-75.462572
-75.931703
-76.191325
-75.762632
-74.305588
-75.140503
-76.505153
-75.845763
-76.989327
-75.941736
-76.112157
-76.187165
-76.224981
-76.439337
-76.034413
-76.295418
-76.137017
-76.182525
-76.308440
-76.311416
-76.326107
-76.311425
-76.334147
-76.326332
-76.437412
-76.403820
-76.344077
-76.379075
-76.426586
-76.389068
-76.439436
-76.506505
-76.470038
-76.430628
-76.479440
-76.514488
-76.578584
-76.461262
-76.527227
-76.574399
-76.615041
-76.548366
-76.572894
-76.584246
-76.615473
-76.634146
-76.614317
-76.639205
-76.630135
-76.644591
-76.667046
-76.683680
-76.685159
-76.669971
-76.734114
-76.703395
-76.701698
-76.725227
-76.707332
-76.742010
-76.756161
-76.763602
-76.806457
-76.813954
-76.837896
-76.804893
-76.831304
-76.794298
-76.739580
-76.915705
-76.918969
-76.977433
-76.479616
-76.960990
-76.929496
-77.383068
-77.113806
-76.679199
-76.593113
-77.092743
-77.062354
-76.676919
-76.927930
-76.494863
-76.778210
-76.824699
-76.791955
-76.762067
-77.265784
-77.024048
-76.988619
-76.886390
-77.153717
-77.130881
-77.057718
-77.105720
-77.076860
-77.110279
-77.120208
-77.082705
-77.137368
-77.109462
-77.073052
-77.160729
-77.145719
-77.097035
-77.194951
-77.209917
-77.208151
-77.169468
-77.184759
-77.164424
-77.211664
-77.237171
-77.228480
-77.293817
-77.293482
-77.298601
-77.244923
-77.255376
-77.351652
-77.289850
-77.273427
-77.295244
-77.335516
-77.311727
-77.325931
-77.369493
-77.353997
-77.307040
-77.350381
-77.376786
-77.387426
-77.387454
-77.426706
-77.320350
-77.409723
-77.360829
-77.458953
-77.481722
-77.451781
-77.410737
-77.535747
-77.573337
-77.397622
-77.448788
-77.048611
-77.850752
-77.596769
-77.485823
-76.969794
-77.645369
-78.236519
-77.620234
-78.522555
-79.755704
-77.791019
-78.245937
-77.390792
-77.481481
-78.661814
-79.079004
-76.744796
-76.203040
-77.392387
-76.755244
-78.474239
-77.515604
-77.497868
-77.522981
-77.676673
-77.968008
-77.646290
-77.768584
-77.594654
-77.583659
-77.677220
-77.703095
-77.737531
-77.695835
-77.739848
-77.705992
-77.770577
-77.728243
-77.745300
-77.788208
-77.776073
-77.802081
-77.814178
-77.865859
-77.910975
-77.848305
-77.801095
-77.844685
-77.840878
-77.831221
-77.857037
-77.875451
-77.900259
-77.915397
-77.921625
-77.915255
-77.939014
-77.976907
-77.980294
-77.925771
-78.000733
-77.940355
-77.967006
-77.999866
-78.033039
-77.979279
-77.972204
-78.030301
-78.073684
-78.007513
-78.065351
-78.022021
-78.038103
-78.112458
-78.074089
-78.042760
-78.122794
-78.122485
-78.142764
-77.967511
-78.168619
-78.120190
-78.169393
-77.965728
-78.237430
-78.185946
-78.182515
-78.057771
-78.258937
-78.258679
-78.458676
-78.231237
-78.095254
-78.321088
-78.433212
-78.435071
-78.218776
-78.272456
-78.212391
-78.456641
-78.278552
-78.295087
-78.297487
-78.346488
-78.352456
-78.333285
-78.361467
-78.420591
-78.409878
-78.374986
-78.408187
-78.350996
-78.333356
-78.423450
-78.327662
-78.437552
-78.383569
-78.444314
-78.525658
-78.480244
-78.436370
-78.457484
-78.502977
-78.465378
-78.446588
-78.544963
-78.554340
-78.558474
-78.547702
-78.537050
-78.584248
-78.569387
-78.590696
-78.579928
-78.489818
-78.552566
-78.607836
-78.601821
-78.588388
-78.624563
-78.607156
-78.665580
-78.691708
-78.612619
-78.598632
-78.692325
-78.726124
-78.654568
-78.676989
-78.670400
-78.651172
-78.761341
-78.648968
-78.739492
-78.771037
-78.631662
-78.739544
-78.605703
-78.598280
-78.743601
-78.836308
-78.789781
-77.893279
-79.286208
-78.789559
-79.517262
-78.803550
-77.896505
-78.153579
-79.118611
-78.934472
-78.070480
-78.638874
-77.958106
-78.786038
-78.804249
-78.563216
-78.633723
-79.602798
-79.002228
-78.959637
-78.710285
-79.421629
-79.091456
-79.033077
-78.933383
-78.979889
-79.042498
-79.002987
-78.951529
-79.030137
-78.958188
-79.005664
-78.968112
-78.958489
-79.009645
-78.991434
-78.980957
-79.133708
-79.081574
-79.046620
-79.078125
-79.129420
-79.127884
-79.041839
-79.101613
-79.131629
-79.124964
-79.155023
-79.135229
-79.107155
-79.086293
-79.133820
-79.039056
-79.216086
-79.213784
-79.179294
-79.117319
-79.215312
-79.216208
-79.224218
-79.223136
-79.191532
-79.213222
-79.166833
-79.214626
-79.254537
-79.274698
-79.267197
-79.292146
-79.336494
-79.287054
-79.207598
-79.220752
-79.276316
-79.309839
-79.484783
-79.427578
-79.160840
-79.229273
-79.405469
-79.833332
-78.906447
-79.167519
-78.508346
-78.802714
-80.027130
-79.959890
-79.261759
-79.370595
-79.764594
-79.496254
-80.487023
-80.113571
-79.723432
-79.863587
-79.675071
-79.047242
-79.481654
-79.618403
-79.703575
-79.153128
-79.496252
-79.511164
-79.637447
-79.620525
-79.572674
-79.537436
-79.546932
-79.563740
-79.618812
-79.620439
-79.554714
-79.577328
-79.541036
-79.554753
-79.677149
-79.608548
-79.691754
-79.649030
-79.676751
-79.661559
-79.718997
-79.709379
-79.665199
-79.656611
-79.712049
-79.690554
-79.780593
-79.745131
-79.758510
-79.768731
-79.786478
-79.762364
-79.908899
-79.788351
-79.794870
-79.713336
-79.733737
-79.834681
-79.826331
-79.805029
-79.775881
-79.901395
-79.839907
-79.895427
-79.798670
-79.863606
-79.913541
-79.945804
-79.955892
-80.049939
-79.979397
-79.881139
-80.049164
-79.786937
-79.804060
-79.993362
-80.064008
-79.981581
-79.226859
-80.256325
-79.943475
-80.945041
-81.272899
-79.905097
-79.564975
-80.253638
-80.431951
-79.868937
-80.414933
-79.234282
-79.252491
-79.732088
-79.442938
-79.499405
-80.259702
-80.033985
-79.894782
-79.638927
-80.373325
-80.020482
-80.033106
-80.075254
-80.049642
-80.028184
-80.122242
-80.158368
-80.096206
-80.026747
-80.128596
-80.086865
-80.163650
-80.101064
-80.173351
-80.188525
-80.216865
-80.081682
-80.239827
-80.160343
-80.273289
-80.173554
-80.122723
-80.261940
-80.341588
-80.125282
-80.304261
-80.338256
-80.277608
-80.279953
-80.201578
-80.226928
-80.307060
-80.324766
-80.255816
-80.260340
-80.276462
-80.365663
-80.305999
-80.318917
-80.275544
-80.302693
-80.340473
-80.386574
-80.363339
-80.356971
-80.375135
-80.420733
-80.426371
-80.462919
-80.304239
-80.229846
-80.436434
-80.140504
-80.816356
-80.457955
-80.325153
-80.334358
-80.076975
-81.881592
-80.054876
-81.256604
-79.036981
-77.403995
-79.591748
-80.220367
-80.288520
-79.450878
-79.527656
-78.198552
-81.481021
-82.375152
-80.807672
-82.126763
-80.908011
-80.561142
-80.815039
-80.761658
-81.421031
-80.328650
-80.648030
-80.515858
-80.778630
-80.934822
-80.746882
-80.759546
-80.729627
-80.837255
-80.735336
-80.702757
-80.745793
-80.746861
-80.809868
-80.784177
-80.749795
-80.714945
-80.864591
-80.747463
-80.804699
-80.809697
-80.817600
-80.797156
-80.814585
-80.746899
-80.849681
-80.807795
-80.823165
-80.815884
-80.887139
-80.864544
-80.886593
-80.929551
-80.913930
-80.859097
-80.861971
-80.751041
-80.942568
-80.915516
-80.899626
-80.879114
-80.915984
-81.009771
-80.905205
-80.973906
-80.898722
-81.142310
-80.897367
-81.002419
-81.049820
-81.079126
-80.915003
-81.054067
-81.024310
-82.347048
-81.085610
-81.067634
-80.964437
-83.609806
-81.326336
-81.090891
-81.350221
-82.172580
-79.048369
-80.727109
-79.142555
-80.528186
-82.290194
-80.149761
-78.130870
-79.400725
-82.211956
-81.350442
-83.042116
-79.587983
-80.854029
-80.931558
-81.565827
-80.706849
-80.613766
-81.041336
-80.851460
-80.831000
-81.160852
-81.209710
-81.021510
-81.101892
-81.185961
-81.112446
-81.197214
-81.202995
-81.102812
-81.191090
-81.207872
-81.204969
-81.166811
-81.240769
-81.252270
-81.128567
-81.238051
-81.311433
-81.318480
-81.304430
-81.227542
-81.269782
-81.273121
-81.306173
-81.271885
-81.275947
-81.207005
-81.275065
-81.325204
-81.385589
-81.325053
-81.199668
-81.199868
-81.348704
-81.259647
-81.366986
-81.356563
-81.318563
-81.347199
-81.323855
-81.342314
-81.327098
-81.322271
-81.229041
-81.227260
-81.076067
-81.255372
-81.399790
-81.337809
-81.911984
-81.065103
-81.181747
-81.347217
-81.325665
-82.501819
-79.766413
-80.985537
-79.105758
-80.111620
-84.679568
-83.665721
-81.383704
-81.370638
-82.563296
-82.204925
-86.360004
-83.113284
-81.548781
-82.817940
-81.162644
-80.742333
-81.771291
-81.685496
-82.155479
-80.797876
-81.747440
-81.603124
-81.946583
-81.736282
-81.687738
-81.708579
-81.598629
-81.670689
-81.780824
-81.765365
-81.625123
-81.692842
-81.689339
-81.678901
-81.872563
-81.722999
-81.755957
-81.787622
-81.786445
-81.754390
-81.763040
-81.682766
-81.797792
-81.773502
-81.742162
-81.833884
-81.857553
-81.859103
-81.864707
-81.861417
-81.703834
-81.799903
-81.870586
-81.840941
-81.828076
-81.917196
-81.898883
-81.921306
-81.925239
-81.853635
-81.888675
-81.922723
-81.883361
-81.911535
-81.884418
-81.870381
-82.075656
-81.854866
-81.949882
-81.881636
-81.920733
-81.884075
-81.902198
-81.824503
-82.093318
-82.021164
-81.895898
-81.765942
-82.408410
-82.168280
-82.111875
-82.047164
-82.071808
-82.017118
-82.354405
-81.796222
-81.794171
-82.385346
-82.099417
-81.866488
-81.823405
-82.018298
-82.019711
-82.578024
-82.107157
-82.032495
-82.104576
-82.407958
-82.077069
-82.114362
-82.150505
-82.071264
-82.188638
-82.178644
-82.169919
-82.123243
-82.225851
-82.106868
-82.201371
-82.188689
-82.107679
-82.176926
-82.215249
-82.184361
-82.172847
-82.194705
-82.226991
-82.270675
-82.298170
-82.274848
-82.196728
-82.241944
-82.236239
-82.226223
-82.288804
-82.307087
-82.168238
-82.223734
-82.358914
-82.297775
-82.298050
-82.343335
-82.355489
-82.172951
-82.190500
-82.362750
-82.294400
-82.260962
-82.340123
-82.287873
-82.388837
-82.389970
-82.412518
-82.406473
-82.402350
-82.310772
-82.404278
-82.329093
-82.390767
-82.375243
-82.394074
-82.294046
-82.235200
-82.605117
-82.198547
-82.445863
-82.001963
-82.895135
-82.532546
-82.553111
-82.153682
-82.426420
-82.452209
-83.072813
-82.280735
-82.075797
-82.880441
-82.784092
-82.620333
-82.341835
-82.491769
-82.423714
-83.291567
-82.546880
-82.371954
-82.536894
-82.857811
-82.605413
-82.473636
-82.544406
-82.615949
-82.548045
-82.663807
-82.618854
-82.558183
-82.631149
-82.689592
-82.612958
-82.557846
-82.525867
-82.514752
-82.614278
-82.589428
-82.664885
-82.729625
-82.653294
-82.667817
-82.677862
-82.616475
-82.672778
-82.673093
-82.737085
-82.708538
-82.729114
-82.628534
-82.729572
-82.740411
-82.640574
-82.710129
-82.839367
-82.660903
-82.775087
-82.803436
-82.775058
-82.656738
-82.823931
-82.708020
-82.813179
-82.731993
-82.706592
-82.654317
-82.744076
-82.838409
-82.817550
-82.794237
-82.743763
-82.709810
-82.878040
-82.956763
-82.919053
-83.135554
-83.728416
-82.635735
-82.834716
-83.030383
-85.083620
-82.011744
-82.469928
-82.164039
-83.472506
-82.138213
-83.053917
-81.178583
-82.893678
-84.568350
-82.043960
-81.405912
-82.249046
-83.585628
-83.171790
-83.808689
-80.938172
-82.639508
-82.891375
-83.161861
-82.096582
-82.469343
-82.839036
-82.694389
-82.887183
-82.900351
-83.013946
-82.927128
-83.034956
-82.882577
-82.977022
-82.936059
-82.894229
-82.802097
-82.894346
-82.909378
-83.015729
-82.926802
-82.850764
-83.024990
-82.966185
-82.990822
-82.949680
-82.930336
-83.027116
-82.923524
-82.917570
-82.833134
-82.859330
-83.052384
-82.991860
-82.856458
-82.978617
-83.018611
-82.980662
-83.000644
-82.953805
-82.951431
-83.007413
-83.111251
-83.011645
-83.075623
-83.092367
-83.000823
-83.060303
-82.921499
-83.003697
-82.848675
-83.049724
-83.021138
-83.165675
-83.172617
-82.807051
-82.869061
-82.435333
-84.067366
-83.076892
-83.170096
-82.649776
-84.008472
-84.657896
-83.498644
-84.811280
-84.946719
-80.742020
-82.108134
-81.434584
-82.288784
-83.281145
-82.166552
-79.295287
-80.440931
-83.234467
-82.194744
-84.789872
-82.177767
-82.477173
-82.394233
-82.911510
-83.033738
-82.184338
-82.625358
-82.340362
-82.382599
-82.707643
-82.553663
-82.503308
-82.612902
-82.590408
-82.452619
-82.527650
-82.580583
-82.396256
-82.478590
-82.342559
-82.359615
-82.450526
-82.422360
-82.318407
-82.352971
-82.269814
-82.281814
-82.145111
-82.159981
-82.071498
-82.104486
-81.954867
-81.833683
-82.007946
-81.867767
-81.700636
-81.781953
-81.543607
-81.639825
-81.498758
-81.353651
-81.259638
-81.263389
-80.979647
-80.931674
-80.778958
-80.384106
-80.328092
-80.634306
-80.227641
-79.433406
-79.286920
-77.618237
-77.519026
-70.156436
-73.072895
-75.212404
-71.836051
-65.415015
-65.932007
-76.711743
-75.096498
-67.089493
-61.164200
-65.540800
-82.385349
-63.027326
-65.030456
-72.152941
-75.392465
-78.264064
-81.441301
-72.473042
-73.744620
-63.940986
-64.092737
-76.512857
-66.296927
-60.578863
-67.667703
-82.497574
-79.508996
-65.386400
-65.417633
-75.101176
-79.558010
-74.350191
-72.958120
-96.148216
-95.114999
-101.654270
-102.266588
-94.191618
-93.686257
-95.108428
-92.887320
-92.273025
-92.323627
-91.017078
-91.031954
-90.841628
-89.899762
-89.884335
-89.854740
-89.177367
-89.069217
-88.955919
-88.430928
-88.432617
-88.417706
-87.696395
-88.088549
-88.011287
-87.285708
-87.482341
-87.085745
-86.824403
-86.861951
-86.663258
-86.260956
-86.180315
-85.854930
-85.345590
-85.301098
-84.831037
-83.997307
-83.710503
-84.577604
-84.280486
-82.604219
-82.897175
-78.631658
-79.811353
-67.083268
-66.546451
-74.205099
-65.644875
-58.912578
-63.488456
-75.720838
-72.001242
-59.175263
-56.791281
-63.785739
-70.904733
-60.044224
-57.980994
-80.845381
-71.372306
-83.625966
-74.460530
-69.470190
-62.958051
-62.979282
-58.154042
-72.617645
-58.774130
-55.494973
-68.526959
-74.803408
-70.774480
-58.480120
-63.099774
-73.241558
-72.517322
-71.967829
-66.332871
-73.977397
-76.588460
-78.036363
-78.764446
-79.553316
-80.566768
-79.850161
-80.233852
-80.532268
-80.660077
-81.039028
-81.258630
-81.382901
-81.555882
-81.712541
-81.779878
-82.034375
-82.094909
-82.119094
-82.337755
-82.458112
-82.372343
-82.631269
-82.713172
-82.692358
-82.856360
-82.963969
-82.818041
-82.967103
-83.007391
-82.945774
-83.236054
-83.257365
-83.212699
-83.260489
-83.291905
-83.238942
-83.499236
-83.484059
-83.517777
-83.520619
-83.431724
-83.432910
-83.594262
-83.475297
-83.382223
-83.912949
-83.623984
-83.338009
-81.485855
-84.406017
-83.895620
-83.691575
-80.117787
-83.201336
-85.079696
-83.185431
-82.822998
-82.129614
-84.366264
-92.190762
-84.659759
-81.338509
-87.983905
-85.028876
-86.489024
-80.900087
-83.598349
-80.873617
-88.442237
-84.724734
-84.481029
-83.790333
-84.906040
-85.638929
-84.470844
-85.008419
-84.766319
-84.101386
-84.273737
-84.413626
-84.537866
-84.483181
-84.563856
-84.658488
-84.723937
-84.654689
-84.588783
-84.587915
-84.620354
-84.812613
-84.612925
-84.710644
-84.751085
-84.700030
-84.638662
-84.708738
-84.811473
-84.666241
-84.840738
-84.876865
-84.641870
-84.826183
-84.774308
-84.869714
-84.856332
-84.881648
-84.917872
-84.955499
-84.847437
-84.833413
-84.935298
-84.938906
-84.945090
-85.065679
-85.081939
-84.969715
-85.012114
-85.053684
-84.876666
-85.105766
-85.008284
-85.039733
-85.080663
-85.056127
-84.939129
-85.047283
-85.113416
-85.684036
-85.158940
-85.065641
-84.849451
-86.931379
-85.031488
-85.151788
-85.159771
-85.812255
-84.589529
-85.438886
-83.982155
-84.783756
-86.477122
-84.938069
-83.960535
-84.154101
-85.630887
-85.221233
-86.286334
-84.282940
-85.071698
-85.037382
-85.473598
-84.742441
-84.941163
-85.203345
-85.061983
-85.107457
-85.072110
-85.278364
-85.372124
-85.173529
-85.020100
-85.207158
-85.337531
-85.243386
-85.298389
-85.385772
-85.343249
-85.297117
-85.360562
-85.452910
-85.430165
-85.240128
-85.357585
-85.469678
-85.427477
-85.520353
-85.288297
-85.482655
-85.356995
-85.419085
-85.469997
-85.458946
-85.377078
-85.452633
-85.515918
-85.452575
-85.479992
-85.497349
-85.473606
-85.710888
-85.444529
-85.470376
-85.607568
-85.711684
-85.460255
-85.609610
-85.501305
-85.645122
-85.442390
-85.532309
-85.457265
-85.739834
-85.741710
-85.462475
-85.386335
-84.970183
-86.653447
-85.903208
-85.561973
-85.257778
-86.773301
-87.536812
-86.357185
-87.231205
-88.470023
-84.483663
-85.475247
-84.317486
-85.073789
-86.915469
-85.910272
-82.437608
-83.151327
-85.815496
-84.795700
-87.778187
-85.108844
-85.261606
-85.553218
-85.756346
-85.769671
-85.344409
-85.682787
-85.432252
-85.304776
-85.558676
-85.666121
-85.848799
-85.730370
-85.834430
-85.841373
-85.612416
-85.775858
-85.705315
-85.723534
-85.842082
-85.746527
-85.862631
-85.749160
-85.846297
-85.785995
-85.828310
-85.922084
-85.816347
-85.842304
-85.854307
-86.049419
-85.793668
-85.824003
-85.738241
-85.906062
-85.756610
-85.789591
-85.903458
-86.057756
-85.779877
-85.878276
-85.919273
-85.879892
-85.819138
-86.033429
-85.900305
-85.624839
-86.072513
-85.874069
-85.849333
-85.949724
-85.845817
-86.029762
-86.022843
-86.007799
-85.963403
-86.107966
-85.988764
-85.940734
-86.200723
-86.119488
-86.034889
-86.038684
-86.078352
-86.106055
-86.011523
-85.817909
-86.391272
-86.133089
-86.234735
-85.923670
-86.016194
-86.409246
-86.208508
-86.092846
-85.783503
-86.183597
-86.141108
-86.471519
-85.892555
-86.175243
-86.128153
-86.035883
-86.238163
-86.182274
-86.331452
-86.069724
-86.124288
-86.174024
-86.242395
-86.223593
-86.081762
-86.169857
-86.194853
-86.317010
-86.226617
-86.389607
-86.040927
-86.242627
-86.380465
-86.277990
-86.275975
-86.256620
-86.349088
-86.220390
-86.177271
-86.370922
-86.352689
-86.242071
-86.229504
-86.338034
-86.226233
-86.346796
-86.286018
-86.192892
-86.355539
-86.177346
-86.222418
-86.365211
-86.445030
-86.177706
-86.363134
-86.338655
-86.458084
-86.382873
-86.286907
-86.276818
-86.314008
-86.355622
-86.209063
-86.383832
-86.329941
-86.276805
-86.296467
-86.327601
-86.124461
-86.018443
-85.485185
-86.778804
-86.466219
-86.428337
-84.445358
-87.274235
-86.882807
-86.659575
-85.893604
-85.891102
-86.516350
-89.032377
-86.541645
-85.035547
-87.767690
-87.387211
-87.607021
-85.260105
-86.131796
-85.506518
-88.897301
-86.573761
-86.587115
-86.352173
-87.431515
-86.871491
-86.668834
-86.608796
-86.822035
-86.609207
-86.388031
-86.676362
-86.578803
-86.583854
-86.666236
-86.639084
-86.547269
-86.864941
-86.722451
-86.487342
-86.674606
-86.743545
-86.731251
-86.589692
-86.805695
-86.468287
-86.717406
-86.804459
-86.578721
-86.700079
-86.572031
-86.701217
-86.771269
-86.605402
-86.870614
-86.962801
-86.703986
-86.661491
-86.785850
-86.781012
-86.809513
-86.693889
-86.801066
-86.762043
-86.822601
-86.839533
-86.764169
-86.971920
-86.813692
-86.993838
-86.735691
-86.806917
-86.998156
-87.048876
-86.846604
-86.986484
-86.806782
-86.836543
-86.775243
-88.234890
-86.892868
-86.824918
-87.069362
-88.153222
-87.931958
-86.595300
-87.799372
-86.642149
-84.132225
-86.223550
-85.320679
-86.677996
-87.121887
-85.512151
-83.763169
-86.244950
-88.760325
-86.955608
-88.880108
-85.745985
-86.691780
-87.165975
-87.153751
-86.938381
-86.529094
-87.049184
-86.626980
-86.931457
-87.247484
-87.009471
-86.943351
-87.013530
-87.068295
-87.101313
-86.945010
-86.996938
-86.997414
-86.905412
-87.068597
-87.083200
-86.920902
-87.105423
-87.107943
-87.160474
-87.147642
-87.083060
-86.902085
-87.026487
-87.088736
-86.973477
-86.767266
-87.015295
-87.054142
-87.116778
-86.998898
-86.992636
-87.136390
-87.131923
-87.017336
-87.302638
-87.182880
-87.031009
-86.948248
-87.239077
-86.962779
-86.909430
-87.213933
-87.074382
-87.157581
-86.960078
-87.121354
-86.982842
-86.852537
-86.597755
-86.750166
-87.631684
-86.981917
-88.835784
-85.489678
-86.558429
-86.797897
-87.169905
-86.603607
-83.429035
-86.126398
-82.147189
-83.750393
-98.158150
-91.179602
-87.600265
-87.191966
-87.552211
-88.855326
-96.831138
-92.430554
-87.116278
-90.753737
-85.039830
-85.622799
-87.935620
-87.638731
-88.329680
-85.315508
-87.805257
-87.229989
-88.142181
-87.875343
-87.368850
-87.607331
-87.465706
-87.691140
-87.500445
-87.537499
-87.816534
-87.693838
-87.519790
-87.607969
-87.659637
-87.664604
-87.450851
-87.494271
-87.677188
-87.350916
-87.605033
-87.492148
-87.585191
-87.733810
-87.599386
-87.672480
-87.545842
-87.485976
-87.699430
-87.644200
-87.570813
-87.557417
-87.585186
-87.598113
-87.758247
-87.959939
-87.595089
-87.697790
-87.409984
-87.643630
-87.565132
-87.756419
-87.814367
-87.727653
-87.668912
-87.519600
-87.576936
-87.651668
-87.576278
-87.502810
-87.628858
-87.635566
-87.402232
-87.713734
-87.773431
-87.486307
-87.729024
-87.250593
-88.757391
-87.179493
-87.562850
-86.409180
-86.734695
-88.663564
-88.673613
-87.669026
-87.140879
-88.377231
-87.952726
-89.759690
-88.292406
-87.765336
-88.421774
-88.352633
-87.240695
-88.132827
-88.118588
-88.342741
-87.601988
-87.866104
-87.671743
-88.090430
-88.043963
-87.867619
-88.034776
-87.731950
-87.731990
-87.876125
-87.883302
-88.070755
-87.943060
-88.166950
-87.667164
-87.832111
-87.787578
-87.889934
-87.814485
-87.780681
-87.889702
-87.911874
-87.849200
-87.726336
-87.687295
-87.835664
-87.746199
-88.127536
-88.080750
-88.087231
-87.911726
-88.027830
-88.087087
-87.973097
-88.126302
-87.894234
-87.965805
-87.961586
-88.253854
-87.900521
-87.845854
-88.158217
-88.124356
-87.982353
-87.873748
-87.998726
-87.904481
-87.988518
-87.992966
-88.229326
-87.634016
-87.300090
-87.963244
-87.624440
-88.167478
-88.489351
-88.084138
-87.474868
-86.988966
-91.759786
-88.000830
-89.544887
-85.724467
-83.667076
-87.120086
-88.714035
-87.378934
-86.143678
-87.333499
-85.164454
-89.604466
-89.923196
-88.622152
-90.417382
-90.179828
-88.214577
-88.287668
-88.495035
-90.067685
-87.879049
-88.202689
-88.031305
-88.501913
-88.593500
-88.587184
-87.991189
-88.477888
-88.449931
-88.411735
-88.267005
-88.234814
-88.451973
-88.313258
-88.408544
-88.401178
-88.224884
-88.384407
-88.313740
-88.425782
-88.121116
-88.140250
-88.465523
-88.348558
-88.384525
-88.444420
-88.564572
-88.194783
-88.542358
-88.340476
-88.524851
-88.390533
-88.542931
-88.351846
-88.356571
-88.506266
-88.629698
-88.497427
-88.498642
-88.539367
-88.625988
-88.362414
-88.448870
-88.571099
-88.291004
-88.492156
-88.491974
-88.616566
-88.162942
-88.372068
-88.604637
-89.144016
-88.361212
-89.221159
-86.279168
-88.346918
-88.691593
-88.643888
-86.164047
-85.140270
-88.588885
-85.769440
-90.226445
-97.112784
-91.839187
-90.481935
-89.983523
-88.251155
-93.394709
-103.701905
-89.726507
-85.096116
-88.216056
-84.739642
-87.155290
-89.479334
-88.326433
-87.810642
-87.025599
-89.851635
-88.642362
-89.445441
-88.809503
-88.087016
-88.339080
-88.563744
-88.681513
-88.588506
-88.651722
-88.590875
-88.565681
-88.537917
-88.375987
-88.725758
-88.708693
-88.644567
-88.881451
-88.765999
-88.527337
-88.425673
-88.776791
-88.661770
-88.712070
-88.565689
-88.672387
-88.636665
-88.703336
-88.589081
-88.636057
-88.581459
-88.668106
-88.927279
-88.737180
-88.774406
-88.826148
-88.650708
-88.785494
-88.637742
-88.600324
-88.827557
-88.931556
-88.666617
-88.724231
-88.993664
-88.676093
-88.635173
-88.590929
-88.811037
-88.287712
-88.896757
-89.044804
-88.831877
-89.456990
-90.644929
-88.546200
-88.283696
-88.204029
-99.592628
-85.929740
-88.217774
-84.202232
-88.285996
-88.138389
-93.333881
-85.266165
-87.526870
-99.830401
-89.848153
-84.111309
-85.732061
-90.087102
-90.761875
-90.984025
-84.814554
-88.270166
-88.891471
-90.726444
-86.447493
-87.916493
-88.484748
-88.434611
-88.402823
-88.663024
-88.608646
-88.681106
-88.866727
-88.806293
-88.850351
-88.916656
-88.950863
-88.974182
-89.096376
-88.761927
-88.962247
-88.916812
-88.976159
-88.921884
-88.833246
-88.922675
-89.137810
-88.719717
-89.268680
-89.137450
-89.399393
-89.110638
-88.886853
-89.090113
-89.232921
-89.046915
-89.074052
-89.189641
-89.156032
-89.342625
-89.056426
-89.083325
-89.155077
-89.114725
-89.114676
-89.176980
-88.935186
-89.101021
-89.204451
-89.231187
-89.266103
-89.316248
-88.934591
-89.520520
-89.722624
-89.542007
-89.320292
-89.851449
-89.452018
-87.592326
-89.413819
-89.612945
-91.172716
-85.132651
-88.500018
-89.032171
-89.197147
-86.679063
-87.013303
-85.709283
-91.675217
-91.932218
-85.819610
-87.974537
-84.995117
-87.393467
-88.632207
-87.530724
-85.435342
-91.642631
-89.535312
-89.008989
-87.330480
-90.194565
-89.779582
-89.337163
-89.335195
-89.759611
-89.347020
-89.331780
-89.321349
-89.287554
-89.384353
-89.487160
-89.120407
-89.101315
-89.299397
-89.330325
-89.301924
-89.227101
-89.373568
-89.393667
-89.408165
-89.340588
-89.224538
-89.273372
-89.177669
-89.215933
-89.347199
-89.320826
-89.328205
-89.227567
-89.472285
-89.437036
-89.395656
-89.248349
-89.452996
-89.452926
-89.313984
-89.468230
-89.442793
-89.397737
-89.496163
-89.335477
-89.334055
-89.602615
-89.337432
-89.344918
-89.446848
-89.332734
-89.325565
-89.522731
-89.225161
-89.094426
-89.260852
-89.567721
-88.989722
-89.522691
-89.531902
-89.172835
-89.287422
-88.641321
-90.334870
-89.215089
-89.733638
-88.228077
-88.679939
-89.705463
-90.546821
-89.339009
-88.813687
-89.988327
-89.488732
-90.528155
-89.527421
-89.569356
-89.732548
-90.698014
-89.033918
-89.385341
-89.526504
-89.715304
-89.224091
-89.519154
-89.423498
-89.602368
-89.397896
-89.503549
-89.780371
-89.490640
-89.439137
-89.599794
-89.431407
-89.480993
-89.306301
-89.645300
-89.609789
-89.555766
-89.427792
-89.508006
-89.374793
-89.503032
-89.273507
-89.592154
-89.683769
-89.743390
-89.579112
-89.450164
-89.352066
-89.668698
-89.670655
-89.174942
-89.745827
-89.641033
-89.373698
-89.377604
-89.661365
-89.659090
-89.375801
-89.598896
-89.218420
-89.570909
-89.315199
-89.356318
-89.327404
-89.574802
-89.392112
-89.540308
-89.361044
-89.356643
-89.313833
-89.649674
-89.706584
-89.163684
-89.715046
-89.647894
-92.707284
-88.844796
-89.463443
-89.414751
-96.194004
-87.469594
-88.542568
-88.751441
-89.961797
-83.637522
-87.631770
-84.946442
-88.892841
-90.936693
-86.056252
-83.496355
-86.996407
-91.553771
-89.675588
-91.716504
-84.992878
-88.979556
-88.762691
-89.631406
-87.391238
-87.818942
-88.835239
-88.312499
-88.253829
-88.934393
-88.777650
-88.643213
-88.683824
-88.884740
-88.699765
-88.569880
-88.511640
-88.563258
-88.332608
-88.357080
-88.175955
-88.430659
-88.337323
-88.042216
-88.247708
-88.084383
-87.937499
-88.106965
-88.126453
-87.834850
-87.828748
-87.708330
-87.521949
-87.597215
-87.494218
-87.285593
-87.400312
-87.143911
-86.693700
-86.962142
-86.691466
-86.541756
-86.525943
-86.087505
-85.938651
-85.749799
-85.482929
-85.162160
-86.039575
-84.509717
-84.124602
-83.223853
-82.025246
-79.175481
-73.463735
-82.241608
-76.712220
-86.190956
-70.649795
-63.732480
-76.068468
-82.855772
-82.180892
-61.663061
-63.998905
-78.678479
-65.197993
-74.352593
-66.454123
-76.537561
-78.153748
-90.615420
-77.184272
-80.739169
-63.760489
-69.471981
-71.330849
-73.549160
-63.333181
-63.442604
-79.416231
-86.750813
-72.413098
-64.129937
-70.996337
-83.237209
-72.748658
-76.034233
-82.435033
-85.387514
-92.902565
-92.213085
-97.309939
-98.072933
-97.341033
-98.584684
-101.453367
-101.678719
-104.537452
-109.162836
-107.668129
-114.742620
-119.025818
-113.914647
-121.909643
-113.179337
-111.428692
-112.834869
-106.459313
-106.796674
-105.185422
-102.884930
-104.276590
-103.227011
-100.445948
-101.740915
-99.180598
-98.395690
-98.170447
-97.208707
-96.455963
-95.639855
-93.968493
-93.599565
-93.213878
-91.261007
-90.496393
-93.086949
-90.098457
-87.792858
-86.868191
-83.060502
-80.741144
-70.028414
-74.605072
-74.701734
-74.895649
-64.636997
-62.144696
-76.115043
-78.713375
-68.537655
-58.288547
-62.625358
-77.362547
-61.113912
-63.968884
-67.074319
-71.016093
-76.548131
-80.178099
-75.695690
-78.932343
-62.175456
-62.999416
-77.635206
-66.533397
-59.844654
-63.125373
-74.897524
-79.831352
-66.131129
-62.355127
-69.402589
-75.033905
-70.610390
-69.849398
-79.640316
-78.906496
-81.747460
-81.597029
-83.079715
-83.387387
-83.036412
-83.540206
-83.914227
-84.100671
-84.477958
-84.849499
-84.741589
-85.140757
-85.487952
-85.492833
-85.915823
-85.805267
-86.003600
-86.293223
-86.470340
-86.414911
-86.655030
-86.731700
-86.905951
-86.958093
-87.049892
-87.115885
-87.271001
-87.375357
-87.438951
-87.544153
-87.723422
-87.535731
-87.860329
-87.885384
-87.730909
-88.161074
-88.010114
-88.125944
-88.302517
-88.310803
-88.328967
-88.520848
-88.681902
-88.497012
-88.902528
-88.679224
-89.123951
-89.312301
-87.997554
-88.731945
-89.665266
-90.212704
-86.690219
-88.409477
-88.304641
-89.391388
-88.511535
-88.650000
-87.337341
-90.195351
-90.918402
-87.902471
-88.797239
-88.332248
-89.161055
-89.203454
-88.446055
-86.950300
-89.894816
-89.942807
-89.286235
-88.333237
-89.660223
-89.726368
-89.569793
-89.841075
-89.996384
-89.576099
-90.054215
-89.789685
-89.735719
-90.051295
-89.659742
-90.095610
-89.605170
-89.682141
-89.820230
-89.934989
-89.913581
-89.765694
-89.774667
-90.002117
-89.859205
-90.074681
-90.159929
-89.875524
-90.022437
-90.317420
-90.177418
-90.035772
-90.213346
-89.939697
-90.240844
-90.140470
-90.280745
-90.357239
-89.976691
-90.357037
-90.295431
-90.359437
-90.453607
-90.068892
-90.567475
-90.254955
-90.227871
-90.560903
-90.295532
-90.080446
-90.537252
-90.360485
-90.758418
-90.664562
-90.515453
-89.890190
-90.712372
-90.363763
-92.858290
-90.168808
-90.110542
-90.220946
-92.595779
-90.590390
-89.231937
-91.298547
-88.678799
-84.522404
-88.823780
-87.577406
-90.279402
-89.723670
-87.519331
-85.247855
-90.657933
-96.690615
-91.359649
-95.498757
-88.194441
-91.024755
-90.616056
-91.062363
-90.749996
-89.634721
-90.801394
-90.310697
-90.787424
-91.365370
-91.166907
-90.774460
-90.872911
-90.967576
-90.920658
-90.936777
-90.849016
-90.903837
-90.974767
-90.916688
-90.923078
-91.095508
-90.744333
-90.532084
-90.945244
-90.823761
-90.852953
-90.904789
-91.309650
-90.796433
-91.008787
-91.034678
-90.915658
-90.908915
-90.875712
-90.967471
-90.948727
-91.185300
-90.842230
-90.964446
-91.012489
-90.890483
-90.991767
-91.021514
-90.897486
-90.990930
-91.207095
-91.127288
-91.221228
-91.330558
-90.915747
-91.356513
-91.307399
-90.968731
-91.229203
-91.281816
-91.115643
-91.079904
-91.042093
-90.722059
-91.237655
-91.019720
-91.031293
-89.795153
-91.952714
-91.555174
-91.971423
-90.491634
-89.894661
-90.546086
-92.592703
-91.306053
-89.955404
-91.768515
-90.610172
-91.512381
-91.273793
-91.044333
-90.627074
-92.878677
-91.531566
-91.283665
-91.323161
-92.035513
-91.765959
-91.390983
-91.491344
-91.800927
-91.922316
-91.550770
-91.450347
-91.611391
-91.425785
-91.232412
-91.697882
-91.448493
-91.278710
-91.610197
-91.569642
-91.525881
-91.492597
-91.354712
-91.602590
-91.439003
-91.248624
-91.726266
-91.258818
-91.280271
-91.543999
-91.312018
-91.628028
-91.326072
-91.598523
-91.591324
-91.268624
-91.603024
-91.531231
-92.019530
-91.573994
-91.702183
-91.385937
-91.254514
-91.436547
-91.540987
-91.399657
-91.650646
-92.161213
-91.515491
-91.671145
-91.281015
-91.716960
-91.547655
-91.506945
-91.550162
-91.257029
-91.816474
-92.103418
-92.251237
-88.117559
-91.267312
-91.617676
-94.102376
-85.356239
-87.821057
-90.512531
-86.810736
-86.284503
-88.227460
-87.565455
-102.374588
-94.695485
-86.324607
-90.798693
-86.040258
-91.385843
-90.124354
-90.508610
-86.055697
-97.648694
-93.660961
-92.334920
-90.030538
-92.135378
-93.787286
-92.554469
-92.820638
-93.394078
-92.217723
-92.005900
-91.884095
-92.262866
-92.179591
-91.929022
-92.351277
-92.354065
-92.006760
-91.858317
-91.905434
-92.311887
-91.732971
-91.866038
-91.705204
-91.780455
-92.175090
-91.844749
-91.561751
-92.129874
-92.336932
-92.365251
-92.174906
-91.996786
-92.020328
-92.154252
-91.862207
-91.863984
-92.297657
-91.959476
-92.125542
-92.191082
-91.488064
-91.755565
-92.144507
-92.141536
-92.125575
-92.310755
-91.906693
-91.501685
-91.984481
-91.995723
-91.647255
-92.312417
-91.973960
-91.165677
-91.462558
-92.556617
-92.100632
-96.710266
-88.958599
-90.903953
-91.759271
-93.526048
-87.858896
-86.740223
-90.255484
-84.254791
-83.129583
-93.729205
-88.696108
-94.798576
-91.405253
-87.292636
-87.889105
-91.224947
-95.491959
-93.747864
-97.799444
-86.346099
-92.222384
-94.069472
-93.631845
-91.763317
-90.341364
-93.385098
-92.459656
-94.183432
-94.673961
-93.109630
-92.821121
-93.439412
-92.453297
-92.634582
-92.556556
-92.700903
-92.740888
-92.848746
-92.539822
-93.017257
-92.948356
-92.434104
-93.083002
-92.612920
-92.811594
-92.829402
-92.613787
-92.518377
-92.994604
-92.812186
-92.667937
-92.657583
-92.976336
-92.431444
-92.520549
-92.693250
-92.861960
-92.750089
-92.718062
-92.539848
-92.895499
-92.717312
-92.887432
-92.572632
-92.641124
-92.750418
-92.934590
-92.820804
-92.556520
-92.704760
-92.554766
-92.626549
-93.065669
-93.089931
-92.869091
-92.673333
-92.794184
-93.461101
-94.241644
-91.926587
-92.073404
-93.991264
-95.341391
-90.963354
-91.465854
-91.783713
-91.206371
-90.627674
-92.877236
-90.583058
-92.951406
-94.399093
-91.386316
-91.204952
-93.506478
-94.596313
-93.151287
-93.588893
-90.294854
-92.494375
-93.452004
-93.245316
-91.688576
-92.177391
-92.660556
-92.755498
-92.798548
-93.148691
-92.823366
-92.955862
-93.063758
-93.255495
-93.026954
-92.748176
-92.868843
-93.095617
-93.012768
-93.055997
-93.107085
-92.931980
-92.978603
-92.844999
-92.688069
-92.593001
-92.752191
-92.880839
-92.852073
-92.619119
-93.161196
-92.664274
-92.988501
-92.835922
-92.568913
-92.882058
-92.824936
-93.013569
-92.719016
-93.025538
-92.993902
-92.683636
-92.872271
-92.991501
-92.951905
-92.803642
-92.926555
-92.800230
-93.183893
-92.963333
-93.027248
-93.037490
-93.222061
-93.256780
-93.022268
-92.941793
-93.157244
-92.796445
-92.931966
-91.763942
-92.691725
-93.175753
-92.827861
-91.205848
-92.375493
-93.055377
-92.956993
-93.255500
-93.658654
-93.036129
-95.373663
-93.556778
-91.975328
-93.905751
-94.928063
-93.443841
-91.818728
-92.116455
-91.545596
-94.308691
-93.743845
-92.886127
-92.855547
-93.528404
-93.670556
-92.759021
-93.301594
-93.249417
-92.960663
-93.375067
-93.281553
-93.076536
-93.408532
-93.550758
-93.141004
-93.602235
-93.212734
-93.145649
-93.528891
-93.561325
-93.239963
-92.987818
-93.148108
-92.915329
-93.241212
-93.049873
-93.454627
-93.307046
-92.990365
-93.133490
-93.337101
-93.127676
-93.214430
-93.424947
-93.085178
-93.014563
-93.433400
-92.976446
-93.567918
-93.594483
-93.224720
-93.280922
-92.994971
-93.253717
-93.356553
-93.139975
-93.042492
-93.331199
-93.147475
-93.234295
-93.283169
-93.360523
-93.321607
-93.031313
-93.332719
-93.605256
-93.621101
-93.744449
-90.230748
-92.835653
-93.179997
-93.769194
-88.557320
-90.696886
-92.895689
-90.109328
-90.651516
-91.479941
-91.166345
-100.553195
-95.460147
-89.570297
-94.532728
-90.527235
-96.256940
-91.496873
-92.786461
-89.152505
-96.567040
-94.744054
-93.576098
-92.360858
-94.099316
-94.974351
-93.720878
-94.556458
-94.248558
-93.692861
-93.877428
-94.269988
-93.695812
-93.658914
-93.262088
-93.936883
-93.756093
-93.406819
-93.693100
-93.535040
-93.616957
-93.573266
-93.937722
-93.969099
-93.854511
-93.464275
-93.533172
-93.497048
-93.837856
-93.517457
-93.751979
-93.327104
-93.487741
-93.907508
-93.959641
-93.392276
-93.547388
-93.417212
-93.546788
-93.611239
-93.329200
-93.982864
-93.497942
-93.523418
-93.349597
-93.540487
-93.424460
-93.646959
-93.706811
-93.452459
-93.585464
-93.469676
-93.461693
-93.656136
-92.736158
-92.768219
-94.452387
-93.282422
-96.843714
-90.972174
-92.887495
-92.339570
-94.702600
-89.646568
-88.611765
-92.070245
-86.356418
-84.995495
-94.339720
-90.913884
-97.768283
-92.796488
-88.951393
-90.383287
-92.323873
-99.530518
-94.728703
-99.630148
-88.577850
-94.284722
-95.320405
-95.546688
-94.056361
-91.955486
-95.001231
-94.021002
-95.234568
-95.789989
-94.650423
-95.017471
-94.594207
-94.045010
-94.561483
-93.899899
-94.700242
-94.502647
-94.092279
-94.315464
-94.523813
-94.236541
-94.475280
-94.268950
-93.673657
-94.590362
-94.507557
-94.136084
-94.100185
-93.816239
-93.924249
-94.539856
-94.556697
-94.213543
-94.217480
-94.511665
-94.389197
-94.447796
-93.876398
-94.135360
-94.425675
-94.187778
-94.615937
-94.534357
-94.068461
-94.352339
-94.222483
-94.118164
-94.479518
-94.153332
-94.125301
-94.494028
-94.585125
-94.507173
-94.350154
-94.825471
-94.701870
-94.616733
-95.341722
-93.773382
-93.708288
-94.665480
-94.719439
-94.937101
-92.228276
-93.806353
-94.089738
-96.869059
-96.230781
-94.068907
-92.902727
-95.908213
-95.596351
-93.149807
-94.328239
-92.583892
-93.226764
-93.680498
-93.060589
-91.925741
-95.281821
-94.834786
-93.927293
-93.573919
-94.819220
-94.559090
-94.297007
-94.907661
-94.410566
-94.619967
-94.104488
-94.389383
-94.310283
-94.522206
-94.124566
-94.599360
-94.192310
-94.583278
-94.580064
-94.066817
-94.233227
-94.467648
-94.429667
-94.480909
-95.010492
-94.693005
-94.382288
-94.388492
-94.464084
-94.467184
-94.312718
-94.201809
-94.493999
-94.681155
-94.323992
-94.298424
-94.508634
-94.358756
-94.444892
-94.582190
-94.516635
-94.281347
-94.768498
-94.853743
-94.873116
-94.500636
-94.315974
-94.436782
-95.060134
-94.595366
-94.445091
-94.447484
-94.548281
-94.230914
-95.918635
-97.114916
-95.013728
-99.289921
-92.564365
-93.130375
-95.005439
-96.508027
-93.218518
-86.447058
-93.552327
-88.358893
-102.340593
-84.431773
-96.737697
-86.897705
-97.132057
-98.066504
-90.634466
-85.065134
-89.571630
-87.586710
-94.925278
-87.916048
-85.591695
-94.252488
-93.689556
-94.677229
-88.173307
-93.691094
-93.982830
-95.323872
-93.690450
-93.687000
-93.558539
-94.097958
-94.121295
-93.976989
-93.939577
-94.114947
-94.265057
-94.083803
-94.408156
-94.148417
-94.064404
-94.660235
-94.264703
-93.990831
-94.369133
-94.151200
-94.323020
-94.449122
-94.010065
-94.208525
-94.873372
-94.121228
-94.248680
-94.748532
-93.912560
-93.979502
-94.537075
-94.577273
-94.465921
-94.400324
-94.707549
-94.683465
-94.222502
-94.341980
-94.366726
-94.827602
-94.075811
-94.270978
-94.231661
-93.985306
-94.446893
-94.519722
-94.169403
-94.271134
-93.875783
-93.335131
-95.147731
-95.037661
-95.552061
-90.152907
-93.685764
-93.929800
-95.203798
-88.232131
-88.921862
-93.370931
-88.026564
-90.194286
-91.480755
-93.214121
-102.362462
-97.357985
-90.066317
-100.043344
-89.850311
-108.684867
-91.062141
-95.663603
-88.645045
-94.612736
-95.969858
-95.469586
-93.788201
-93.228616
-97.774713
-95.303800
-96.939591
-95.795629
-95.223657
-95.491069
-95.150045
-94.836785
-95.092412
-94.966135
-95.545495
-95.484918
-95.144302
-94.832746
-94.959987
-94.907591
-94.853668
-95.025871
-95.044471
-94.909076
-94.949304
-94.905307
-94.615644
-95.110353
-94.744782
-95.081075
-94.889930
-94.996688
-94.970442
-94.847540
-94.694657
-94.871095
-94.889267
-95.280734
-94.930957
-95.036962
-94.866081
-95.101693
-94.630231
-95.357270
-94.797717
-95.207834
-94.763810
-94.858509
-95.180821
-94.616077
-94.795487
-94.624303
-94.166707
-94.486410
-94.903593
-95.149392
-94.725312
-94.728725
-96.032355
-94.262034
-94.755190
-93.979565
-101.137633
-94.282701
-94.952971
-92.357627
-95.067784
-95.462255
-97.638988
-92.769877
-94.264891
-98.752290
-95.672829
-92.529743
-93.127652
-96.017297
-95.308019
-98.808164
-92.510761
-94.380617
-95.338424
-95.828270
-94.351222
-94.362437
-93.823285
-94.839431
-94.470389
-94.768312
-94.568373
-94.818935
-94.672944
-94.720664
-94.619313
-94.921206
-94.740890
-94.615884
-94.349415
-95.024032
-94.926220
-94.700995
-94.607332
-94.729300
-94.792777
-94.958737
-94.718962
-94.931995
-94.697734
-94.852713
-94.884968
-94.757956
-94.846291
-95.522485
-94.455973
-95.398387
-94.695150
-94.904599
-94.753355
-94.820463
-94.751567
-95.028773
-94.983987
-95.037281
-94.728814
-94.753804
-94.691130
-94.623514
-94.659180
-95.327798
-94.557069
-94.996618
-95.154243
-94.968197
-95.649238
-95.201079
-95.558819
-96.136911
-95.608465
-91.585629
-94.723961
-95.713834
-100.578246
-88.384492
-91.916763
-93.660551
-91.307589
-87.514958
-92.069096
-88.342462
-98.672796
-100.287527
-88.877187
-90.424730
-88.071270
-89.744036
-93.127471
-91.109833
-87.543523
-97.364838
-93.806229
-93.544284
-90.946198
-94.106657
-94.329527
-93.982700
-93.786972
-94.072873
-93.899571
-93.818984
-93.396065
-93.632695
-93.585394
-93.065730
-93.471786
-93.505841
-92.874645
-93.047080
-92.665544
-92.550361
-92.671564
-91.920838
-92.747570
-92.707794
-92.189709
-92.109266
-92.099379
-91.749893
-91.805253
-91.916864
-91.609015
-91.492413
-91.369789
-90.829204
-90.758660
-90.864160
-90.376295
-90.538390
-90.553234
-89.899371
-89.764875
-89.659883
-89.249455
-88.849939
-88.741273
-87.963475
-87.971006
-87.621134
-87.342744
-85.943856
-86.045308
-82.023418
-80.311702
-76.411060
-73.911672
-81.285987
-71.655574
-64.292428
-73.291347
-94.008883
-80.331172
-63.941479
-63.880776
-75.076303
-72.052565
-70.125669
-65.017696
-85.986431
-79.381976
-87.715259
-77.900652
-75.076378
-66.082729
-76.364460
-66.248344
-81.351212
-64.846038
-62.054208
-81.967561
-89.812994
-77.949842
-64.276201
-70.144843
-92.788056
-75.390784
-85.580962
-75.449168
-82.958810
-87.690582
-89.341118
-91.276386
-93.663589
-95.574613
-94.322070
-95.613943
-95.552353
-96.088145
-98.161088
-97.143063
-98.465845
-99.740404
-98.957960
-100.546867
-101.267319
-100.624765
-101.974122
-101.798173
-101.874555
-102.141190
-102.313713
-101.831784
-102.377630
-102.209947
-101.153443
-102.136348
-100.605374
-98.783611
-99.769593
-98.506705
-97.207067
-97.975332
-95.631747
-95.772395
-94.969578
-94.063993
-95.108070
-92.375397
-90.387107
-88.882120
-87.119222
-81.939532
-75.270296
-82.353322
-73.083069
-108.435632
-69.042182
-62.735628
-75.763240
-91.543643
-82.482106
-60.984272
-63.322675
-79.281664
-66.130749
-76.375099
-64.328720
-74.761050
-77.543446
-87.881568
-75.482417
-78.295820
-62.775951
-70.676280
-67.862027
-75.066873
-62.112360
-61.429907
-80.677210
-98.772478
-72.635007
-62.305501
-69.837690
-82.151274
-72.645313
-76.923890
-76.762655
-79.991751
-83.999241
-84.281692
-85.643427
-85.851352
-86.902405
-86.785760
-87.171422
-87.298203
-87.636241
-87.997381
-88.157375
-88.486330
-88.894995
-88.914544
-88.952371
-89.421089
-89.326703
-89.655228
-89.805892
-89.727042
-90.071990
-90.623125
-90.202845
-90.642287
-91.176847
-90.818870
-90.950206
-90.988357
-91.083224
-91.090038
-91.502438
-91.437913
-91.813388
-91.784852
-91.752215
-92.062979
-92.035837
-91.851818
-92.245474
-92.305112
-92.278688
-92.377928
-92.818970
-93.005802
-92.662847
-92.679163
-93.233843
-92.605387
-88.636790
-92.399320
-93.806304
-95.745431
-85.194291
-89.293267
-92.200893
-87.876121
-87.108762
-87.371050
-87.467270
-99.617241
-98.294728
-86.677549
-92.436415
-84.315296
-88.830308
-91.702260
-90.146327
-86.713618
-105.928078
-96.263815
-93.696855
-90.544240
-95.531926
-96.718715
-95.354272
-95.088659
-95.246589
-94.486907
-94.623350
-94.514274
-93.984925
-94.618254
-94.518964
-94.940557
-94.590552
-94.417895
-94.273455
-94.650706
-94.862036
-94.807430
-94.591088
-94.443399
-94.780376
-94.767250
-94.491539
-94.839715
-94.390341
-94.889758
-94.798397
-94.815509
-94.788629
-95.180469
-95.061121
-94.751703
-95.666515
-94.437108
-94.871711
-95.078833
-95.266930
-94.918269
-94.668739
-94.795871
-94.883696
-94.808539
-94.851435
-94.718220
-95.132553
-95.294063
-94.663207
-95.517422
-94.185914
-94.996712
-93.424191
-94.345807
-94.154843
-92.597215
-89.741873
-108.585614
-95.850334
-93.290010
-87.719886
-88.020108
-90.283705
-101.960257
-82.893224
-81.658711
-92.947918
-90.236577
-88.178695
-87.506040
-91.971537
-93.258346
-81.607689
-81.392031
-93.084888
-86.349245
-88.525722
-89.747787
-92.436856
-93.109736
-94.307520
-93.256677
-92.692780
-95.149371
-93.220148
-92.378787
-94.814139
-94.269243
-94.591939
-94.506384
-95.230923
-94.939786
-95.146565
-95.542452
-95.078771
-95.022867
-95.422796
-95.075029
-95.072763
-95.205399
-94.771393
-95.678496
-95.484330
-95.193946
-95.016900
-95.894471
-95.662079
-95.887113
-95.279564
-95.379915
-96.099935
-95.376184
-95.608473
-95.515269
-95.532490
-95.253364
-95.884037
-95.626564
-95.572050
-95.666311
-95.913527
-95.690118
-95.576596
-95.397039
-95.789814
-95.813093
-95.823963
-95.283732
-95.945422
-95.809028
-95.506541
-95.240359
-95.875461
-95.239171
-94.854093
-92.264032
-99.295895
-95.942402
-95.324064
-90.486994
-94.995408
-100.227617
-96.955730
-91.638526
-88.670778
-96.947621
-107.639527
-94.426431
-91.217418
-104.526508
-93.829411
-93.329130
-88.753035
-95.039043
-90.902485
-99.634483
-95.284885
-95.166966
-95.110276
-97.443737
-97.750851
-95.795029
-96.682619
-96.049668
-95.605623
-96.146336
-95.909026
-96.354541
-96.528483
-96.141704
-96.456852
-96.616840
-96.664514
-96.449381
-96.294355
-96.538342
-96.114469
-96.342602
-96.175177
-96.556257
-96.026610
-96.976920
-96.604745
-96.256486
-96.391382
-96.783668
-96.335673
-96.266108
-96.223923
-96.610498
-96.801983
-96.854146
-96.580338
-97.222514
-96.408679
-96.707193
-96.915488
-97.175705
-96.416936
-97.034689
-96.426096
-97.091044
-97.037254
-96.629303
-96.398831
-96.729474
-97.087361
-96.508849
-96.669859
-96.743204
-96.687270
-96.496027
-96.686532
-96.052413
-100.316331
-97.038889
-96.590335
-96.571794
-98.983777
-98.293390
-96.009869
-99.359099
-95.140830
-90.134527
-94.092578
-92.970632
-95.726906
-95.729748
-93.436950
-89.785443
-95.304359
-104.427636
-97.255209
-104.973212
-94.471869
-95.959326
-96.829767
-97.610872
-97.071111
-95.711579
-96.633829
-96.342292
-96.815347
-97.513137
-96.833057
-97.385379
-96.860562
-96.906980
-97.006806
-97.289283
-97.624836
-97.077062
-96.234224
-97.225174
-97.443554
-97.352624
-97.201721
-97.143268
-97.293956
-97.122190
-97.225928
-97.148476
-97.276090
-97.231368
-96.952163
-97.195184
-97.138591
-96.937159
-97.544691
-97.615816
-97.051999
-97.442018
-97.085065
-97.017654
-97.085108
-96.986733
-96.787478
-97.379721
-97.584806
-97.503507
-96.876731
-97.807204
-97.208654
-97.224169
-97.531441
-97.893873
-97.541113
-97.824047
-97.256664
-98.732708
-96.881373
-97.200528
-96.276531
-106.396279
-97.195574
-97.978683
-95.305871
-95.786224
-92.784269
-97.152151
-89.858379
-98.507892
-87.528971
-92.743183
-89.100221
-94.358105
-95.630632
-94.228141
-84.182165
-88.102290
-100.917985
-94.834489
-100.552678
-89.420282
-95.539134
-96.710582
-98.215649
-93.981952
-94.148068
-95.667224
-95.158267
-94.997863
-96.908575
-96.477009
-96.770425
-96.826284
-96.886631
-96.740673
-97.078846
-97.013878
-96.763219
-96.981140
-96.522896
-97.057278
-96.589588
-97.296216
-96.577393
-97.313328
-96.753705
-96.976194
-97.585129
-97.343162
-97.925720
-97.754957
-97.373228
-96.987642
-96.819916
-96.992350
-97.775830
-97.011196
-96.965615
-97.068738
-97.105237
-97.472372
-97.192821
-97.107198
-96.694918
-96.788206
-97.027161
-97.552131
-97.485032
-97.213614
-97.120910
-97.352161
-97.859228
-97.895995
-97.580225
-97.440221
-97.515381
-97.649224
-97.181186
-99.232704
-97.112103
-96.703852
-97.317100
-99.210744
-97.607916
-94.935695
-95.962897
-93.418821
-93.884071
-99.359449
-98.334716
-97.426095
-97.886725
-97.308681
-96.193329
-106.287788
-105.301469
-98.152702
-100.252679
-96.356213
-95.880767
-97.775101
-98.745105
-97.614860
-96.416518
-98.077470
-97.201775
-97.494556
-98.197953
-97.984969
-97.992559
-98.310884
-97.776566
-97.332323
-97.948621
-97.940237
-98.438354
-97.643497
-97.413014
-98.209062
-97.444322
-98.145732
-98.304134
-97.712987
-97.731338
-97.322674
-96.847948
-98.257455
-97.832034
-98.050921
-98.252447
-97.703231
-97.837652
-97.760549
-97.677641
-97.601855
-97.705692
-97.610824
-97.318306
-98.223748
-97.647389
-97.497776
-97.879308
-98.089037
-97.952272
-97.771062
-98.050601
-97.845713
-97.977620
-97.580613
-98.080717
-98.337676
-98.371358
-97.555032
-97.770678
-97.588914
-98.480710
-98.860937
-99.881006
-96.364204
-98.224292
-99.186831
-101.972890
-94.635533
-95.094237
-97.341032
-95.325286
-92.762949
-96.813720
-94.531545
-101.042912
-100.104723
-94.145951
-94.922153
-96.703971
-99.702649
-97.402091
-98.716950
-93.133193
-99.302185
-98.710156
-98.009437
-96.269786
-97.596318
-98.812175
-97.760724
-98.466244
-98.656377
-98.323025
-98.257917
-97.705453
-98.331053
-98.380529
-97.853432
-98.000893
-97.898658
-97.940684
-98.254093
-97.988642
-97.752463
-97.631194
-98.240501
-98.088777
-97.647890
-98.585321
-98.395608
-98.065049
-98.031244
-98.177399
-98.393964
-98.470337
-98.152295
-97.829437
-97.986754
-97.581062
-98.171567
-98.580660
-98.315798
-97.515866
-98.680124
-97.934907
-98.767195
-98.914087
-98.090883
-98.155887
-98.727436
-97.637465
-97.867869
-97.458513
-98.358020
-98.059795
-98.095478
-97.852041
-98.811148
-97.739625
-98.782737
-100.076755
-98.543091
-97.252327
-98.912131
-99.511843
-100.961466
-95.084741
-97.434523
-96.443127
-101.815000
-99.671407
-99.971354
-95.899755
-99.577439
-102.907734
-97.566445
-97.897687
-97.439805
-96.782570
-97.848020
-96.402697
-94.528078
-98.570738
-99.014841
-97.354118
-96.133474
-99.000986
-98.025560
-97.877434
-98.202680
-98.110799
-98.659936
-97.824614
-97.787602
-98.236372
-98.718117
-97.917442
-98.712628
-98.330333
-98.053624
-98.345720
-98.299049
-98.819288
-97.872232
-98.504377
-98.650995
-98.579239
-97.962254
-98.523192
-98.752359
-98.915280
-98.876889
-98.999126
-98.364882
-98.322883
-99.184634
-99.043604
-98.493111
-98.461446
-98.397684
-99.282148
-98.122774
-98.691679
-98.419097
-98.603456
-97.966836
-99.093757
-98.572525
-99.216436
-98.405639
-98.725508
-98.857472
-98.820214
-98.430899
-98.570591
-99.816163
-98.485767
-97.948093
-98.270148
-97.661218
-99.196542
-99.836891
-98.719172
-96.852237
-96.829402
-105.942147
-101.551086
-109.368894
-100.673986
-93.005570
-96.187719
-97.259644
-96.853100
-96.569310
-96.600738
-92.017293
-94.201765
-98.827648
-97.125661
-99.706197
-100.661299
-98.226624
-97.477861
-98.591052
-101.213026
-97.520259
-98.114251
-98.447678
-98.180101
-98.287943
-99.341825
-98.705938
-99.469842
-98.300381
-98.336036
-98.926622
-98.108498
-98.769733
-98.720946
-99.153619
-97.866239
-99.233699
-98.203423
-98.099721
-98.865646
-98.910476
-98.733844
-98.078508
-97.948251
-99.057396
-99.761893
-98.772243
-99.133333
-98.671282
-98.334749
-98.612876
-99.039675
-98.759208
-98.587702
-98.692246
-99.047705
-98.489018
-98.493810
-99.519516
-98.671327
-99.419976
-98.962925
-98.086852
-98.442668
-98.668024
-98.234421
-98.403487
-97.832790
-98.493179
-97.392597
-98.084293
-98.896457
-97.528280
-97.991759
-99.752908
-98.036812
-98.204877
-95.135842
-98.304713
-92.826378
-98.098460
-88.647332
-90.187806
-96.785348
-100.783567
-93.409489
-94.517285
-100.927417
-103.950623
-88.090799
-89.832399
-100.318334
-96.965751
-97.862661
-92.448686
-98.140096
-98.254259
-104.138865
-95.468371
-97.023081
-97.773810
-98.548135
-97.140065
-98.474400
-98.623234
-98.557042
-98.504617
-98.456319
-98.198093
-98.728245
-98.729090
-98.908723
-99.291393
-98.812410
-98.409405
-99.085200
-98.719690
-99.796562
-98.893225
-99.663051
-99.153286
-98.954804
-98.937280
-98.310679
-99.358701
-99.227035
-98.744639
-99.222518
-99.447564
-98.908424
-99.566736
-99.168010
-98.939037
-99.063564
-99.447464
-99.481288
-98.830019
-99.628877
-99.685943
-99.436136
-99.655799
-99.533332
-99.393807
-99.167098
-99.150427
-99.605170
-98.608506
-99.641075
-99.769682
-100.227584
-98.703032
-99.786505
-97.311828
-99.502714
-100.358034
-98.733124
-97.897896
-96.263800
-104.359259
-99.816898
-106.969848
-105.521357
-98.542570
-98.241784
-98.764669
-99.773858
-101.441465
-107.573465
-92.838742
-92.653978
-97.125770
-94.445884
-97.192399
-99.421760
-98.435854
-97.883375
-97.816115
-102.142272
-99.074711
-99.819010
-97.695884
-97.995730
-99.064107
-98.742177
-99.312830
-99.148764
-98.721912
-99.410814
-98.809590
-98.946949
-99.762971
-98.642531
-99.111404
-99.160797
-99.092398
-99.117966
-98.463135
-99.216387
-98.354141
-99.522084
-98.993940
-99.246649
-98.707883
-99.287667
-99.146562
-99.000845
-99.007226
-98.476766
-99.639944
-99.329990
-98.672650
-99.508485
-99.011631
-98.344911
-99.243913
-98.903673
-98.219884
-99.148957
-99.221771
-98.908832
-99.469509
-99.055604
-99.258839
-99.657356
-99.530591
-98.630666
-99.012638
-99.267468
-101.482323
-99.071614
-100.643020
-97.692701
-99.008054
-99.250868
-100.517666
-100.661562
-94.051120
-99.302728
-95.882195
-108.760748
-96.688545
-101.980526
-95.654481
-100.641858
-108.933580
-99.008189
-97.679298
-95.670583
-94.007140
-98.643969
-95.308896
-93.821945
-98.938093
-98.047673
-99.250314
-95.779649
-99.494357
-98.719308
-99.535791
-98.764676
-97.888580
-98.658292
-98.531426
-98.930549
-98.730823
-99.208539
-99.398380
-99.257235
-99.035660
-98.676380
-98.995260
-99.597147
-99.125279
-99.930095
-99.015912
-98.408101
-99.300225
-98.645442
-98.888960
-98.605321
-98.162631
-99.306415
-98.815697
-98.852535
-99.089006
-99.026832
-99.204445
-99.056561
-98.745521
-98.916933
-98.847054
-98.609128
-99.994922
-98.852918
-98.802447
-99.076342
-99.287300
-99.076627
-98.973305
-98.911569
-98.852443
-99.130789
-100.574133
-99.016149
-98.900510
-99.197688
-99.396641
-98.800315
-98.879604
-98.112605
-97.910520
-98.722003
-98.287326
-100.123108
-94.932417
-102.157730
-98.985261
-100.319765
-96.275537
-93.383983
-96.202197
-99.820778
-98.186514
-95.099025
-97.352054
-93.452490
-100.097084
-99.067904
-98.287160
-98.241918
-102.052474
-98.489645
-99.605582
-98.037670
-101.515674
-98.897287
-99.857766
-99.106786
-98.764807
-99.376562
-99.380408
-99.950718
-98.702163
-98.530193
-99.420716
-99.163659
-99.243618
-98.221798
-98.328507
-98.569885
-99.722059
-98.656842
-98.686026
-97.940602
-98.101497
-98.736121
-98.460759
-98.313610
-98.079848
-98.303589
-97.903874
-98.424549
-98.026503
-98.606453
-98.581392
-98.246202
-97.937483
-98.485792
-98.017152
-97.814195
-98.590773
-98.310348
-98.542882
-99.073848
-98.361422
-97.846505
-97.726361
-98.714513
-97.969291
-97.981295
-98.244953
-97.684410
-97.564562
-98.163505
-97.597255
-97.655856
-97.812144
-97.092124
-97.949737
-99.421696
-97.265514
-97.316583
-95.754789
-112.859538
-94.817703
-97.375076
-91.600453
-94.698154
-96.525515
-103.166013
-93.270648
-95.348335
-113.371092
-99.502176
-90.765790
-91.638281
-97.755748
-97.387042
-101.681882
-92.412337
-96.045246
-95.625334
-98.303584
-94.266643
-94.865931
-95.153956
-95.429147
-95.070781
-95.094808
-95.812179
-94.970997
-95.836691
-95.373854
-94.849001
-94.975668
-95.265480
-95.223896
-95.166933
-95.158550
-95.030238
-94.764310
-94.717280
-93.836805
-94.374101
-94.080808
-93.826088
-94.331634
-93.762385
-93.597673
-93.300042
-93.113915
-92.936561
-92.782241
-92.505243
-92.354289
-92.585132
-92.041314
-91.594359
-91.527649
-91.372869
-90.719230
-90.746512
-90.407303
-89.758172
-89.648090
-89.071046
-88.156248
-88.975792
-88.324225
-86.605423
-86.688499
-83.450050
-83.957994
-73.150019
-74.946206
-78.457021
-73.998068
-66.391745
-67.939876
-81.581763
-78.895959
-67.814063
-62.536851
-68.224150
-81.938676
-65.232829
-65.478737
-76.762092
-76.321992
-82.624357
-81.793280
-75.948505
-73.742697
-66.970556
-65.450685
-83.027453
-67.542027
-62.444488
-69.884212
-81.207328
-81.444955
-66.963387
-67.416517
-76.125776
-78.479735
-76.741700
-73.565372
-84.635089
-85.294211
-88.707718
-88.762224
-91.527637
-92.327889
-91.493881
-92.478428
-92.980082
-93.402732
-94.500594
-94.626637
-93.937523
-95.407530
-95.610639
-95.674881
-96.646708
-96.020791
-96.736592
-97.378095
-96.616087
-96.358524
-97.600134
-95.768802
-96.580033
-97.148282
-96.137877
-97.254852
-97.055644
-95.911382
-96.250325
-95.450928
-94.755257
-95.574991
-94.760257
-93.464493
-93.710862
-92.552984
-92.312670
-92.036478
-91.386834
-89.027038
-89.196916
-83.891557
-83.006297
-75.220156
-73.320864
-81.224990
-71.827139
-64.356315
-70.799704
-86.453842
-79.777903
-64.380455
-62.934169
-71.769922
-73.234602
-67.788074
-64.010817
-83.977019
-75.493329
-87.063681
-77.782575
-73.638647
-66.725480
-71.672169
-64.811351
-80.571959
-64.624195
-61.460597
-76.885698
-83.606342
-77.669814
-64.212517
-69.357660
-82.980918
-76.267175
-82.406243
-73.559240
-81.091580
-84.046388
-86.141692
-86.774683
-88.317623
-89.988681
-88.870266
-89.559427
-89.936243
-90.039716
-90.785174
-91.085195
-91.317801
-91.655445
-91.810328
-91.742270
-92.406022
-92.653951
-91.982773
-92.843693
-92.992933
-92.927455
-93.541876
-93.660152
-92.943647
-93.905823
-93.573490
-93.713649
-94.158630
-94.694905
-94.379913
-94.710894
-94.522977
-94.436665
-95.121289
-94.959089
-94.942655
-95.680705
-95.629762
-95.596628
-95.423317
-95.411840
-95.371733
-96.152499
-95.490645
-95.694383
-97.016994
-96.324832
-97.299551
-98.457717
-95.530939
-96.488942
-97.701721
-103.083038
-93.116463
-95.203160
-94.157102
-98.084763
-92.618645
-97.681752
-92.397281
-97.283658
-102.571112
-94.574976
-92.014349
-95.688575
-97.283286
-97.990496
-97.584698
-91.916154
-96.849823
-97.337149
-97.901057
-94.987719
-95.763239
-97.604431
-97.812925
-96.790435
-97.581756
-98.233566
-97.640622
-97.698925
-97.646082
-97.193942
-97.807178
-98.054748
-97.120589
-97.520816
-97.815002
-98.030598
-97.803516
-97.738288
-97.964331
-98.261109
-98.372233
-97.412253
-98.114753
-98.309709
-98.357997
-97.990536
-97.948445
-98.791810
-98.273125
-97.918313
-97.891183
-98.444852
-98.224135
-98.304138
-98.174577
-97.995007
-98.733931
-98.575263
-98.381774
-98.399424
-98.582233
-98.286211
-97.895978
-99.308553
-98.262043
-98.632676
-98.822416
-98.471789
-98.143068
-98.151361
-98.252135
-99.687624
-99.086493
-100.465621
-96.302287
-98.245529
-98.446066
-97.817668
-97.126386
-93.750777
-97.518771
-92.879669
-94.808043
-106.838877
-106.073663
-98.268267
-99.157243
-98.949855
-104.109279
-97.463777
-101.074216
-97.182236
-102.806731
-95.194041
-95.858296
-100.560423
-99.135853
-100.793629
-95.999920
-99.509184
-98.512710
-100.077350
-99.128813
-99.124574
-99.527158
-99.163517
-99.236303
-99.144310
-98.968432
-100.035696
-99.208252
-99.517131
-99.523971
-98.775375
-98.756726
-99.651877
-99.011776
-98.979420
-99.391536
-99.616586
-99.513010
-99.065200
-99.009307
-99.810864
-100.132022
-99.592437
-99.246041
-99.645716
-99.589053
-98.959911
-99.661951
-99.807742
-99.859971
-99.545344
-99.976515
-98.769220
-100.276362
-98.648417
-99.250963
-99.394191
-100.066196
-99.087083
-100.777228
-99.507645
-99.386540
-99.430984
-99.057484
-99.682587
-98.111058
-98.967146
-99.596062
-97.553954
-97.926515
-101.998417
-98.630964
-97.490754
-95.448443
-98.627835
-94.318707
-99.869965
-89.063541
-89.317068
-99.781561
-103.560083
-94.159800
-94.113900
-101.701892
-99.443595
-89.595768
-89.974333
-103.203059
-97.085000
-97.771942
-94.522534
-98.248006
-100.317750
-109.693051
-95.656164
-98.275088
-99.101520
-99.594146
-98.468290
-99.424232
-99.582823
-99.436697
-100.113209
-99.857961
-100.057701
-99.695308
-100.469516
-100.726881
-100.124906
-99.343361
-100.261543
-100.122279
-100.261320
-100.310491
-100.389970
-100.918217
-100.287364
-99.565282
-99.959375
-100.325632
-99.757447
-99.834365
-99.948508
-100.295114
-100.374505
-99.429142
-100.254009
-99.523095
-100.604604
-99.897620
-99.971855
-100.543030
-99.519558
-99.467978
-101.283976
-100.624396
-101.254247
-100.565022
-100.252832
-100.401899
-101.098403
-100.030152
-99.084162
-101.179951
-100.268591
-100.432527
-100.882468
-101.660841
-104.615978
-97.808938
-99.326539
-100.911390
-111.551502
-95.521666
-97.252253
-98.638268
-94.741765
-90.888390
-99.170891
-94.837935
-101.974199
-101.130921
-94.860794
-93.518141
-98.540636
-99.603688
-101.807252
-100.013225
-93.826125
-100.105251
-101.735790
-102.422069
-96.995569
-98.701747
-101.694069
-100.389359
-100.573572
-101.464520
-100.567216
-100.820109
-101.279130
-100.335063
-100.379629
-101.032610
-100.260012
-101.083481
-100.340820
-101.314012
-100.649920
-100.610796
-100.603614
-100.795796
-100.229983
-100.175281
-101.472597
-101.193285
-100.097594
-100.273614
-100.841884
-100.279493
-101.492210
-100.580064
-99.942704
-100.126888
-100.147823
-100.864903
-100.682197
-99.825081
-100.558698
-100.962025
-100.113019
-101.194877
-100.284119
-100.105533
-100.577395
-100.614916
-100.987522
-100.849558
-100.134189
-100.192601
-100.035295
-101.105971
-99.960982
-100.300752
-101.334705
-100.272900
-101.394990
-97.365894
-100.685727
-100.628105
-100.938047
-94.636709
-95.747799
-100.796888
-96.077450
-104.550014
-96.646110
-104.332516
-103.894763
-104.199190
-98.006063
-112.879604
-100.210637
-105.847014
-94.127788
-99.143387
-94.510546
-98.822071
-100.688272
-101.917398
-98.763184
-97.888172
-103.485674
-100.681345
-101.976314
-100.416621
-100.392973
-99.519290
-100.492781
-100.938137
-101.575384
-100.825600
-100.792423
-100.248096
-101.291588
-100.186474
-101.251941
-100.324013
-101.452571
-100.659163
-101.537902
-100.908225
-99.790789
-100.899623
-100.434732
-100.725302
-100.805149
-101.139199
-99.770302
-101.219794
-100.571638
-100.676332
-100.323988
-101.478837
-101.706244
-101.576261
-100.633373
-100.324919
-100.555650
-101.200186
-100.514070
-100.936630
-101.245444
-100.500648
-101.378043
-100.083249
-100.522476
-101.264263
-101.263870
-100.435755
-100.489587
-100.387234
-100.115750
-101.319649
-101.320446
-102.900344
-100.422648
-100.004256
-99.890102
-102.341868
-100.045016
-98.820619
-99.272856
-97.481816
-96.825324
-103.788984
-101.912237
-100.968763
-101.534329
-101.183253
-100.781518
-106.336542
-108.808220
-100.960012
-102.727080
-99.316277
-99.973356
-99.556557
-102.472830
-100.778672
-99.739900
-100.936790
-99.837253
-101.468214
-100.844616
-100.959347
-100.458912
-100.748709
-100.826375
-100.806714
-101.555265
-101.227152
-100.643998
-100.764396
-100.551630
-100.785637
-100.655854
-99.920298
-100.340118
-100.218112
-101.231192
-100.639837
-101.083896
-101.159352
-100.980447
-100.145400
-100.599240
-100.526873
-100.871455
-100.361984
-101.159585
-101.920259
-101.248497
-101.696398
-100.796827
-101.142208
-100.230651
-100.243199
-100.651460
-100.274234
-100.489756
-99.920415
-100.191801
-100.732391
-100.339061
-100.455613
-100.127088
-100.474201
-100.924863
-100.491622
-97.842306
-99.251026
-103.147356
-99.916836
-107.251358
-95.431756
-98.276488
-100.208332
-100.672424
-93.204861
-91.819808
-97.257930
-89.036187
-90.108157
-100.400138
-96.930950
-99.262131
-99.701482
-94.260222
-101.606058
-91.210798
-96.059568
-100.808123
-106.539941
-92.098991
-96.072189
-103.693574
-103.608127
-101.304106
-95.967227
-103.255824
-101.588316
-105.082219
-103.758647
-101.646513
-101.616005
-102.101406
-101.672262
-101.284391
-100.863428
-100.909681
-102.030742
-100.863994
-101.816208
-100.894643
-102.065292
-101.853847
-101.408591
-101.785434
-101.349506
-100.788818
-101.389921
-101.243774
-101.970154
-100.650356
-101.655877
